Problem name: hamming2x2x5x6x7.txt 	 Optimal solution = 120
840 840 7140
1  2
1  3
1  4
1  5
1  6
1  7
1  8
1  15
1  22
1  29
1  36
1  43
1  85
1  127
1  169
1  211
1  421
2  3
2  4
2  5
2  6
2  7
2  9
2  16
2  23
2  30
2  37
2  44
2  86
2  128
2  170
2  212
2  422
3  4
3  5
3  6
3  7
3  10
3  17
3  24
3  31
3  38
3  45
3  87
3  129
3  171
3  213
3  423
4  5
4  6
4  7
4  11
4  18
4  25
4  32
4  39
4  46
4  88
4  130
4  172
4  214
4  424
5  6
5  7
5  12
5  19
5  26
5  33
5  40
5  47
5  89
5  131
5  173
5  215
5  425
6  7
6  13
6  20
6  27
6  34
6  41
6  48
6  90
6  132
6  174
6  216
6  426
7  14
7  21
7  28
7  35
7  42
7  49
7  91
7  133
7  175
7  217
7  427
8  9
8  10
8  11
8  12
8  13
8  14
8  15
8  22
8  29
8  36
8  50
8  92
8  134
8  176
8  218
8  428
9  10
9  11
9  12
9  13
9  14
9  16
9  23
9  30
9  37
9  51
9  93
9  135
9  177
9  219
9  429
10  11
10  12
10  13
10  14
10  17
10  24
10  31
10  38
10  52
10  94
10  136
10  178
10  220
10  430
11  12
11  13
11  14
11  18
11  25
11  32
11  39
11  53
11  95
11  137
11  179
11  221
11  431
12  13
12  14
12  19
12  26
12  33
12  40
12  54
12  96
12  138
12  180
12  222
12  432
13  14
13  20
13  27
13  34
13  41
13  55
13  97
13  139
13  181
13  223
13  433
14  21
14  28
14  35
14  42
14  56
14  98
14  140
14  182
14  224
14  434
15  16
15  17
15  18
15  19
15  20
15  21
15  22
15  29
15  36
15  57
15  99
15  141
15  183
15  225
15  435
16  17
16  18
16  19
16  20
16  21
16  23
16  30
16  37
16  58
16  100
16  142
16  184
16  226
16  436
17  18
17  19
17  20
17  21
17  24
17  31
17  38
17  59
17  101
17  143
17  185
17  227
17  437
18  19
18  20
18  21
18  25
18  32
18  39
18  60
18  102
18  144
18  186
18  228
18  438
19  20
19  21
19  26
19  33
19  40
19  61
19  103
19  145
19  187
19  229
19  439
20  21
20  27
20  34
20  41
20  62
20  104
20  146
20  188
20  230
20  440
21  28
21  35
21  42
21  63
21  105
21  147
21  189
21  231
21  441
22  23
22  24
22  25
22  26
22  27
22  28
22  29
22  36
22  64
22  106
22  148
22  190
22  232
22  442
23  24
23  25
23  26
23  27
23  28
23  30
23  37
23  65
23  107
23  149
23  191
23  233
23  443
24  25
24  26
24  27
24  28
24  31
24  38
24  66
24  108
24  150
24  192
24  234
24  444
25  26
25  27
25  28
25  32
25  39
25  67
25  109
25  151
25  193
25  235
25  445
26  27
26  28
26  33
26  40
26  68
26  110
26  152
26  194
26  236
26  446
27  28
27  34
27  41
27  69
27  111
27  153
27  195
27  237
27  447
28  35
28  42
28  70
28  112
28  154
28  196
28  238
28  448
29  30
29  31
29  32
29  33
29  34
29  35
29  36
29  71
29  113
29  155
29  197
29  239
29  449
30  31
30  32
30  33
30  34
30  35
30  37
30  72
30  114
30  156
30  198
30  240
30  450
31  32
31  33
31  34
31  35
31  38
31  73
31  115
31  157
31  199
31  241
31  451
32  33
32  34
32  35
32  39
32  74
32  116
32  158
32  200
32  242
32  452
33  34
33  35
33  40
33  75
33  117
33  159
33  201
33  243
33  453
34  35
34  41
34  76
34  118
34  160
34  202
34  244
34  454
35  42
35  77
35  119
35  161
35  203
35  245
35  455
36  37
36  38
36  39
36  40
36  41
36  42
36  78
36  120
36  162
36  204
36  246
36  456
37  38
37  39
37  40
37  41
37  42
37  79
37  121
37  163
37  205
37  247
37  457
38  39
38  40
38  41
38  42
38  80
38  122
38  164
38  206
38  248
38  458
39  40
39  41
39  42
39  81
39  123
39  165
39  207
39  249
39  459
40  41
40  42
40  82
40  124
40  166
40  208
40  250
40  460
41  42
41  83
41  125
41  167
41  209
41  251
41  461
42  84
42  126
42  168
42  210
42  252
42  462
43  44
43  45
43  46
43  47
43  48
43  49
43  50
43  57
43  64
43  71
43  78
43  85
43  127
43  169
43  253
43  463
44  45
44  46
44  47
44  48
44  49
44  51
44  58
44  65
44  72
44  79
44  86
44  128
44  170
44  254
44  464
45  46
45  47
45  48
45  49
45  52
45  59
45  66
45  73
45  80
45  87
45  129
45  171
45  255
45  465
46  47
46  48
46  49
46  53
46  60
46  67
46  74
46  81
46  88
46  130
46  172
46  256
46  466
47  48
47  49
47  54
47  61
47  68
47  75
47  82
47  89
47  131
47  173
47  257
47  467
48  49
48  55
48  62
48  69
48  76
48  83
48  90
48  132
48  174
48  258
48  468
49  56
49  63
49  70
49  77
49  84
49  91
49  133
49  175
49  259
49  469
50  51
50  52
50  53
50  54
50  55
50  56
50  57
50  64
50  71
50  78
50  92
50  134
50  176
50  260
50  470
51  52
51  53
51  54
51  55
51  56
51  58
51  65
51  72
51  79
51  93
51  135
51  177
51  261
51  471
52  53
52  54
52  55
52  56
52  59
52  66
52  73
52  80
52  94
52  136
52  178
52  262
52  472
53  54
53  55
53  56
53  60
53  67
53  74
53  81
53  95
53  137
53  179
53  263
53  473
54  55
54  56
54  61
54  68
54  75
54  82
54  96
54  138
54  180
54  264
54  474
55  56
55  62
55  69
55  76
55  83
55  97
55  139
55  181
55  265
55  475
56  63
56  70
56  77
56  84
56  98
56  140
56  182
56  266
56  476
57  58
57  59
57  60
57  61
57  62
57  63
57  64
57  71
57  78
57  99
57  141
57  183
57  267
57  477
58  59
58  60
58  61
58  62
58  63
58  65
58  72
58  79
58  100
58  142
58  184
58  268
58  478
59  60
59  61
59  62
59  63
59  66
59  73
59  80
59  101
59  143
59  185
59  269
59  479
60  61
60  62
60  63
60  67
60  74
60  81
60  102
60  144
60  186
60  270
60  480
61  62
61  63
61  68
61  75
61  82
61  103
61  145
61  187
61  271
61  481
62  63
62  69
62  76
62  83
62  104
62  146
62  188
62  272
62  482
63  70
63  77
63  84
63  105
63  147
63  189
63  273
63  483
64  65
64  66
64  67
64  68
64  69
64  70
64  71
64  78
64  106
64  148
64  190
64  274
64  484
65  66
65  67
65  68
65  69
65  70
65  72
65  79
65  107
65  149
65  191
65  275
65  485
66  67
66  68
66  69
66  70
66  73
66  80
66  108
66  150
66  192
66  276
66  486
67  68
67  69
67  70
67  74
67  81
67  109
67  151
67  193
67  277
67  487
68  69
68  70
68  75
68  82
68  110
68  152
68  194
68  278
68  488
69  70
69  76
69  83
69  111
69  153
69  195
69  279
69  489
70  77
70  84
70  112
70  154
70  196
70  280
70  490
71  72
71  73
71  74
71  75
71  76
71  77
71  78
71  113
71  155
71  197
71  281
71  491
72  73
72  74
72  75
72  76
72  77
72  79
72  114
72  156
72  198
72  282
72  492
73  74
73  75
73  76
73  77
73  80
73  115
73  157
73  199
73  283
73  493
74  75
74  76
74  77
74  81
74  116
74  158
74  200
74  284
74  494
75  76
75  77
75  82
75  117
75  159
75  201
75  285
75  495
76  77
76  83
76  118
76  160
76  202
76  286
76  496
77  84
77  119
77  161
77  203
77  287
77  497
78  79
78  80
78  81
78  82
78  83
78  84
78  120
78  162
78  204
78  288
78  498
79  80
79  81
79  82
79  83
79  84
79  121
79  163
79  205
79  289
79  499
80  81
80  82
80  83
80  84
80  122
80  164
80  206
80  290
80  500
81  82
81  83
81  84
81  123
81  165
81  207
81  291
81  501
82  83
82  84
82  124
82  166
82  208
82  292
82  502
83  84
83  125
83  167
83  209
83  293
83  503
84  126
84  168
84  210
84  294
84  504
85  86
85  87
85  88
85  89
85  90
85  91
85  92
85  99
85  106
85  113
85  120
85  127
85  169
85  295
85  505
86  87
86  88
86  89
86  90
86  91
86  93
86  100
86  107
86  114
86  121
86  128
86  170
86  296
86  506
87  88
87  89
87  90
87  91
87  94
87  101
87  108
87  115
87  122
87  129
87  171
87  297
87  507
88  89
88  90
88  91
88  95
88  102
88  109
88  116
88  123
88  130
88  172
88  298
88  508
89  90
89  91
89  96
89  103
89  110
89  117
89  124
89  131
89  173
89  299
89  509
90  91
90  97
90  104
90  111
90  118
90  125
90  132
90  174
90  300
90  510
91  98
91  105
91  112
91  119
91  126
91  133
91  175
91  301
91  511
92  93
92  94
92  95
92  96
92  97
92  98
92  99
92  106
92  113
92  120
92  134
92  176
92  302
92  512
93  94
93  95
93  96
93  97
93  98
93  100
93  107
93  114
93  121
93  135
93  177
93  303
93  513
94  95
94  96
94  97
94  98
94  101
94  108
94  115
94  122
94  136
94  178
94  304
94  514
95  96
95  97
95  98
95  102
95  109
95  116
95  123
95  137
95  179
95  305
95  515
96  97
96  98
96  103
96  110
96  117
96  124
96  138
96  180
96  306
96  516
97  98
97  104
97  111
97  118
97  125
97  139
97  181
97  307
97  517
98  105
98  112
98  119
98  126
98  140
98  182
98  308
98  518
99  100
99  101
99  102
99  103
99  104
99  105
99  106
99  113
99  120
99  141
99  183
99  309
99  519
100  101
100  102
100  103
100  104
100  105
100  107
100  114
100  121
100  142
100  184
100  310
100  520
101  102
101  103
101  104
101  105
101  108
101  115
101  122
101  143
101  185
101  311
101  521
102  103
102  104
102  105
102  109
102  116
102  123
102  144
102  186
102  312
102  522
103  104
103  105
103  110
103  117
103  124
103  145
103  187
103  313
103  523
104  105
104  111
104  118
104  125
104  146
104  188
104  314
104  524
105  112
105  119
105  126
105  147
105  189
105  315
105  525
106  107
106  108
106  109
106  110
106  111
106  112
106  113
106  120
106  148
106  190
106  316
106  526
107  108
107  109
107  110
107  111
107  112
107  114
107  121
107  149
107  191
107  317
107  527
108  109
108  110
108  111
108  112
108  115
108  122
108  150
108  192
108  318
108  528
109  110
109  111
109  112
109  116
109  123
109  151
109  193
109  319
109  529
110  111
110  112
110  117
110  124
110  152
110  194
110  320
110  530
111  112
111  118
111  125
111  153
111  195
111  321
111  531
112  119
112  126
112  154
112  196
112  322
112  532
113  114
113  115
113  116
113  117
113  118
113  119
113  120
113  155
113  197
113  323
113  533
114  115
114  116
114  117
114  118
114  119
114  121
114  156
114  198
114  324
114  534
115  116
115  117
115  118
115  119
115  122
115  157
115  199
115  325
115  535
116  117
116  118
116  119
116  123
116  158
116  200
116  326
116  536
117  118
117  119
117  124
117  159
117  201
117  327
117  537
118  119
118  125
118  160
118  202
118  328
118  538
119  126
119  161
119  203
119  329
119  539
120  121
120  122
120  123
120  124
120  125
120  126
120  162
120  204
120  330
120  540
121  122
121  123
121  124
121  125
121  126
121  163
121  205
121  331
121  541
122  123
122  124
122  125
122  126
122  164
122  206
122  332
122  542
123  124
123  125
123  126
123  165
123  207
123  333
123  543
124  125
124  126
124  166
124  208
124  334
124  544
125  126
125  167
125  209
125  335
125  545
126  168
126  210
126  336
126  546
127  128
127  129
127  130
127  131
127  132
127  133
127  134
127  141
127  148
127  155
127  162
127  169
127  337
127  547
128  129
128  130
128  131
128  132
128  133
128  135
128  142
128  149
128  156
128  163
128  170
128  338
128  548
129  130
129  131
129  132
129  133
129  136
129  143
129  150
129  157
129  164
129  171
129  339
129  549
130  131
130  132
130  133
130  137
130  144
130  151
130  158
130  165
130  172
130  340
130  550
131  132
131  133
131  138
131  145
131  152
131  159
131  166
131  173
131  341
131  551
132  133
132  139
132  146
132  153
132  160
132  167
132  174
132  342
132  552
133  140
133  147
133  154
133  161
133  168
133  175
133  343
133  553
134  135
134  136
134  137
134  138
134  139
134  140
134  141
134  148
134  155
134  162
134  176
134  344
134  554
135  136
135  137
135  138
135  139
135  140
135  142
135  149
135  156
135  163
135  177
135  345
135  555
136  137
136  138
136  139
136  140
136  143
136  150
136  157
136  164
136  178
136  346
136  556
137  138
137  139
137  140
137  144
137  151
137  158
137  165
137  179
137  347
137  557
138  139
138  140
138  145
138  152
138  159
138  166
138  180
138  348
138  558
139  140
139  146
139  153
139  160
139  167
139  181
139  349
139  559
140  147
140  154
140  161
140  168
140  182
140  350
140  560
141  142
141  143
141  144
141  145
141  146
141  147
141  148
141  155
141  162
141  183
141  351
141  561
142  143
142  144
142  145
142  146
142  147
142  149
142  156
142  163
142  184
142  352
142  562
143  144
143  145
143  146
143  147
143  150
143  157
143  164
143  185
143  353
143  563
144  145
144  146
144  147
144  151
144  158
144  165
144  186
144  354
144  564
145  146
145  147
145  152
145  159
145  166
145  187
145  355
145  565
146  147
146  153
146  160
146  167
146  188
146  356
146  566
147  154
147  161
147  168
147  189
147  357
147  567
148  149
148  150
148  151
148  152
148  153
148  154
148  155
148  162
148  190
148  358
148  568
149  150
149  151
149  152
149  153
149  154
149  156
149  163
149  191
149  359
149  569
150  151
150  152
150  153
150  154
150  157
150  164
150  192
150  360
150  570
151  152
151  153
151  154
151  158
151  165
151  193
151  361
151  571
152  153
152  154
152  159
152  166
152  194
152  362
152  572
153  154
153  160
153  167
153  195
153  363
153  573
154  161
154  168
154  196
154  364
154  574
155  156
155  157
155  158
155  159
155  160
155  161
155  162
155  197
155  365
155  575
156  157
156  158
156  159
156  160
156  161
156  163
156  198
156  366
156  576
157  158
157  159
157  160
157  161
157  164
157  199
157  367
157  577
158  159
158  160
158  161
158  165
158  200
158  368
158  578
159  160
159  161
159  166
159  201
159  369
159  579
160  161
160  167
160  202
160  370
160  580
161  168
161  203
161  371
161  581
162  163
162  164
162  165
162  166
162  167
162  168
162  204
162  372
162  582
163  164
163  165
163  166
163  167
163  168
163  205
163  373
163  583
164  165
164  166
164  167
164  168
164  206
164  374
164  584
165  166
165  167
165  168
165  207
165  375
165  585
166  167
166  168
166  208
166  376
166  586
167  168
167  209
167  377
167  587
168  210
168  378
168  588
169  170
169  171
169  172
169  173
169  174
169  175
169  176
169  183
169  190
169  197
169  204
169  379
169  589
170  171
170  172
170  173
170  174
170  175
170  177
170  184
170  191
170  198
170  205
170  380
170  590
171  172
171  173
171  174
171  175
171  178
171  185
171  192
171  199
171  206
171  381
171  591
172  173
172  174
172  175
172  179
172  186
172  193
172  200
172  207
172  382
172  592
173  174
173  175
173  180
173  187
173  194
173  201
173  208
173  383
173  593
174  175
174  181
174  188
174  195
174  202
174  209
174  384
174  594
175  182
175  189
175  196
175  203
175  210
175  385
175  595
176  177
176  178
176  179
176  180
176  181
176  182
176  183
176  190
176  197
176  204
176  386
176  596
177  178
177  179
177  180
177  181
177  182
177  184
177  191
177  198
177  205
177  387
177  597
178  179
178  180
178  181
178  182
178  185
178  192
178  199
178  206
178  388
178  598
179  180
179  181
179  182
179  186
179  193
179  200
179  207
179  389
179  599
180  181
180  182
180  187
180  194
180  201
180  208
180  390
180  600
181  182
181  188
181  195
181  202
181  209
181  391
181  601
182  189
182  196
182  203
182  210
182  392
182  602
183  184
183  185
183  186
183  187
183  188
183  189
183  190
183  197
183  204
183  393
183  603
184  185
184  186
184  187
184  188
184  189
184  191
184  198
184  205
184  394
184  604
185  186
185  187
185  188
185  189
185  192
185  199
185  206
185  395
185  605
186  187
186  188
186  189
186  193
186  200
186  207
186  396
186  606
187  188
187  189
187  194
187  201
187  208
187  397
187  607
188  189
188  195
188  202
188  209
188  398
188  608
189  196
189  203
189  210
189  399
189  609
190  191
190  192
190  193
190  194
190  195
190  196
190  197
190  204
190  400
190  610
191  192
191  193
191  194
191  195
191  196
191  198
191  205
191  401
191  611
192  193
192  194
192  195
192  196
192  199
192  206
192  402
192  612
193  194
193  195
193  196
193  200
193  207
193  403
193  613
194  195
194  196
194  201
194  208
194  404
194  614
195  196
195  202
195  209
195  405
195  615
196  203
196  210
196  406
196  616
197  198
197  199
197  200
197  201
197  202
197  203
197  204
197  407
197  617
198  199
198  200
198  201
198  202
198  203
198  205
198  408
198  618
199  200
199  201
199  202
199  203
199  206
199  409
199  619
200  201
200  202
200  203
200  207
200  410
200  620
201  202
201  203
201  208
201  411
201  621
202  203
202  209
202  412
202  622
203  210
203  413
203  623
204  205
204  206
204  207
204  208
204  209
204  210
204  414
204  624
205  206
205  207
205  208
205  209
205  210
205  415
205  625
206  207
206  208
206  209
206  210
206  416
206  626
207  208
207  209
207  210
207  417
207  627
208  209
208  210
208  418
208  628
209  210
209  419
209  629
210  420
210  630
211  212
211  213
211  214
211  215
211  216
211  217
211  218
211  225
211  232
211  239
211  246
211  253
211  295
211  337
211  379
211  631
212  213
212  214
212  215
212  216
212  217
212  219
212  226
212  233
212  240
212  247
212  254
212  296
212  338
212  380
212  632
213  214
213  215
213  216
213  217
213  220
213  227
213  234
213  241
213  248
213  255
213  297
213  339
213  381
213  633
214  215
214  216
214  217
214  221
214  228
214  235
214  242
214  249
214  256
214  298
214  340
214  382
214  634
215  216
215  217
215  222
215  229
215  236
215  243
215  250
215  257
215  299
215  341
215  383
215  635
216  217
216  223
216  230
216  237
216  244
216  251
216  258
216  300
216  342
216  384
216  636
217  224
217  231
217  238
217  245
217  252
217  259
217  301
217  343
217  385
217  637
218  219
218  220
218  221
218  222
218  223
218  224
218  225
218  232
218  239
218  246
218  260
218  302
218  344
218  386
218  638
219  220
219  221
219  222
219  223
219  224
219  226
219  233
219  240
219  247
219  261
219  303
219  345
219  387
219  639
220  221
220  222
220  223
220  224
220  227
220  234
220  241
220  248
220  262
220  304
220  346
220  388
220  640
221  222
221  223
221  224
221  228
221  235
221  242
221  249
221  263
221  305
221  347
221  389
221  641
222  223
222  224
222  229
222  236
222  243
222  250
222  264
222  306
222  348
222  390
222  642
223  224
223  230
223  237
223  244
223  251
223  265
223  307
223  349
223  391
223  643
224  231
224  238
224  245
224  252
224  266
224  308
224  350
224  392
224  644
225  226
225  227
225  228
225  229
225  230
225  231
225  232
225  239
225  246
225  267
225  309
225  351
225  393
225  645
226  227
226  228
226  229
226  230
226  231
226  233
226  240
226  247
226  268
226  310
226  352
226  394
226  646
227  228
227  229
227  230
227  231
227  234
227  241
227  248
227  269
227  311
227  353
227  395
227  647
228  229
228  230
228  231
228  235
228  242
228  249
228  270
228  312
228  354
228  396
228  648
229  230
229  231
229  236
229  243
229  250
229  271
229  313
229  355
229  397
229  649
230  231
230  237
230  244
230  251
230  272
230  314
230  356
230  398
230  650
231  238
231  245
231  252
231  273
231  315
231  357
231  399
231  651
232  233
232  234
232  235
232  236
232  237
232  238
232  239
232  246
232  274
232  316
232  358
232  400
232  652
233  234
233  235
233  236
233  237
233  238
233  240
233  247
233  275
233  317
233  359
233  401
233  653
234  235
234  236
234  237
234  238
234  241
234  248
234  276
234  318
234  360
234  402
234  654
235  236
235  237
235  238
235  242
235  249
235  277
235  319
235  361
235  403
235  655
236  237
236  238
236  243
236  250
236  278
236  320
236  362
236  404
236  656
237  238
237  244
237  251
237  279
237  321
237  363
237  405
237  657
238  245
238  252
238  280
238  322
238  364
238  406
238  658
239  240
239  241
239  242
239  243
239  244
239  245
239  246
239  281
239  323
239  365
239  407
239  659
240  241
240  242
240  243
240  244
240  245
240  247
240  282
240  324
240  366
240  408
240  660
241  242
241  243
241  244
241  245
241  248
241  283
241  325
241  367
241  409
241  661
242  243
242  244
242  245
242  249
242  284
242  326
242  368
242  410
242  662
243  244
243  245
243  250
243  285
243  327
243  369
243  411
243  663
244  245
244  251
244  286
244  328
244  370
244  412
244  664
245  252
245  287
245  329
245  371
245  413
245  665
246  247
246  248
246  249
246  250
246  251
246  252
246  288
246  330
246  372
246  414
246  666
247  248
247  249
247  250
247  251
247  252
247  289
247  331
247  373
247  415
247  667
248  249
248  250
248  251
248  252
248  290
248  332
248  374
248  416
248  668
249  250
249  251
249  252
249  291
249  333
249  375
249  417
249  669
250  251
250  252
250  292
250  334
250  376
250  418
250  670
251  252
251  293
251  335
251  377
251  419
251  671
252  294
252  336
252  378
252  420
252  672
253  254
253  255
253  256
253  257
253  258
253  259
253  260
253  267
253  274
253  281
253  288
253  295
253  337
253  379
253  673
254  255
254  256
254  257
254  258
254  259
254  261
254  268
254  275
254  282
254  289
254  296
254  338
254  380
254  674
255  256
255  257
255  258
255  259
255  262
255  269
255  276
255  283
255  290
255  297
255  339
255  381
255  675
256  257
256  258
256  259
256  263
256  270
256  277
256  284
256  291
256  298
256  340
256  382
256  676
257  258
257  259
257  264
257  271
257  278
257  285
257  292
257  299
257  341
257  383
257  677
258  259
258  265
258  272
258  279
258  286
258  293
258  300
258  342
258  384
258  678
259  266
259  273
259  280
259  287
259  294
259  301
259  343
259  385
259  679
260  261
260  262
260  263
260  264
260  265
260  266
260  267
260  274
260  281
260  288
260  302
260  344
260  386
260  680
261  262
261  263
261  264
261  265
261  266
261  268
261  275
261  282
261  289
261  303
261  345
261  387
261  681
262  263
262  264
262  265
262  266
262  269
262  276
262  283
262  290
262  304
262  346
262  388
262  682
263  264
263  265
263  266
263  270
263  277
263  284
263  291
263  305
263  347
263  389
263  683
264  265
264  266
264  271
264  278
264  285
264  292
264  306
264  348
264  390
264  684
265  266
265  272
265  279
265  286
265  293
265  307
265  349
265  391
265  685
266  273
266  280
266  287
266  294
266  308
266  350
266  392
266  686
267  268
267  269
267  270
267  271
267  272
267  273
267  274
267  281
267  288
267  309
267  351
267  393
267  687
268  269
268  270
268  271
268  272
268  273
268  275
268  282
268  289
268  310
268  352
268  394
268  688
269  270
269  271
269  272
269  273
269  276
269  283
269  290
269  311
269  353
269  395
269  689
270  271
270  272
270  273
270  277
270  284
270  291
270  312
270  354
270  396
270  690
271  272
271  273
271  278
271  285
271  292
271  313
271  355
271  397
271  691
272  273
272  279
272  286
272  293
272  314
272  356
272  398
272  692
273  280
273  287
273  294
273  315
273  357
273  399
273  693
274  275
274  276
274  277
274  278
274  279
274  280
274  281
274  288
274  316
274  358
274  400
274  694
275  276
275  277
275  278
275  279
275  280
275  282
275  289
275  317
275  359
275  401
275  695
276  277
276  278
276  279
276  280
276  283
276  290
276  318
276  360
276  402
276  696
277  278
277  279
277  280
277  284
277  291
277  319
277  361
277  403
277  697
278  279
278  280
278  285
278  292
278  320
278  362
278  404
278  698
279  280
279  286
279  293
279  321
279  363
279  405
279  699
280  287
280  294
280  322
280  364
280  406
280  700
281  282
281  283
281  284
281  285
281  286
281  287
281  288
281  323
281  365
281  407
281  701
282  283
282  284
282  285
282  286
282  287
282  289
282  324
282  366
282  408
282  702
283  284
283  285
283  286
283  287
283  290
283  325
283  367
283  409
283  703
284  285
284  286
284  287
284  291
284  326
284  368
284  410
284  704
285  286
285  287
285  292
285  327
285  369
285  411
285  705
286  287
286  293
286  328
286  370
286  412
286  706
287  294
287  329
287  371
287  413
287  707
288  289
288  290
288  291
288  292
288  293
288  294
288  330
288  372
288  414
288  708
289  290
289  291
289  292
289  293
289  294
289  331
289  373
289  415
289  709
290  291
290  292
290  293
290  294
290  332
290  374
290  416
290  710
291  292
291  293
291  294
291  333
291  375
291  417
291  711
292  293
292  294
292  334
292  376
292  418
292  712
293  294
293  335
293  377
293  419
293  713
294  336
294  378
294  420
294  714
295  296
295  297
295  298
295  299
295  300
295  301
295  302
295  309
295  316
295  323
295  330
295  337
295  379
295  715
296  297
296  298
296  299
296  300
296  301
296  303
296  310
296  317
296  324
296  331
296  338
296  380
296  716
297  298
297  299
297  300
297  301
297  304
297  311
297  318
297  325
297  332
297  339
297  381
297  717
298  299
298  300
298  301
298  305
298  312
298  319
298  326
298  333
298  340
298  382
298  718
299  300
299  301
299  306
299  313
299  320
299  327
299  334
299  341
299  383
299  719
300  301
300  307
300  314
300  321
300  328
300  335
300  342
300  384
300  720
301  308
301  315
301  322
301  329
301  336
301  343
301  385
301  721
302  303
302  304
302  305
302  306
302  307
302  308
302  309
302  316
302  323
302  330
302  344
302  386
302  722
303  304
303  305
303  306
303  307
303  308
303  310
303  317
303  324
303  331
303  345
303  387
303  723
304  305
304  306
304  307
304  308
304  311
304  318
304  325
304  332
304  346
304  388
304  724
305  306
305  307
305  308
305  312
305  319
305  326
305  333
305  347
305  389
305  725
306  307
306  308
306  313
306  320
306  327
306  334
306  348
306  390
306  726
307  308
307  314
307  321
307  328
307  335
307  349
307  391
307  727
308  315
308  322
308  329
308  336
308  350
308  392
308  728
309  310
309  311
309  312
309  313
309  314
309  315
309  316
309  323
309  330
309  351
309  393
309  729
310  311
310  312
310  313
310  314
310  315
310  317
310  324
310  331
310  352
310  394
310  730
311  312
311  313
311  314
311  315
311  318
311  325
311  332
311  353
311  395
311  731
312  313
312  314
312  315
312  319
312  326
312  333
312  354
312  396
312  732
313  314
313  315
313  320
313  327
313  334
313  355
313  397
313  733
314  315
314  321
314  328
314  335
314  356
314  398
314  734
315  322
315  329
315  336
315  357
315  399
315  735
316  317
316  318
316  319
316  320
316  321
316  322
316  323
316  330
316  358
316  400
316  736
317  318
317  319
317  320
317  321
317  322
317  324
317  331
317  359
317  401
317  737
318  319
318  320
318  321
318  322
318  325
318  332
318  360
318  402
318  738
319  320
319  321
319  322
319  326
319  333
319  361
319  403
319  739
320  321
320  322
320  327
320  334
320  362
320  404
320  740
321  322
321  328
321  335
321  363
321  405
321  741
322  329
322  336
322  364
322  406
322  742
323  324
323  325
323  326
323  327
323  328
323  329
323  330
323  365
323  407
323  743
324  325
324  326
324  327
324  328
324  329
324  331
324  366
324  408
324  744
325  326
325  327
325  328
325  329
325  332
325  367
325  409
325  745
326  327
326  328
326  329
326  333
326  368
326  410
326  746
327  328
327  329
327  334
327  369
327  411
327  747
328  329
328  335
328  370
328  412
328  748
329  336
329  371
329  413
329  749
330  331
330  332
330  333
330  334
330  335
330  336
330  372
330  414
330  750
331  332
331  333
331  334
331  335
331  336
331  373
331  415
331  751
332  333
332  334
332  335
332  336
332  374
332  416
332  752
333  334
333  335
333  336
333  375
333  417
333  753
334  335
334  336
334  376
334  418
334  754
335  336
335  377
335  419
335  755
336  378
336  420
336  756
337  338
337  339
337  340
337  341
337  342
337  343
337  344
337  351
337  358
337  365
337  372
337  379
337  757
338  339
338  340
338  341
338  342
338  343
338  345
338  352
338  359
338  366
338  373
338  380
338  758
339  340
339  341
339  342
339  343
339  346
339  353
339  360
339  367
339  374
339  381
339  759
340  341
340  342
340  343
340  347
340  354
340  361
340  368
340  375
340  382
340  760
341  342
341  343
341  348
341  355
341  362
341  369
341  376
341  383
341  761
342  343
342  349
342  356
342  363
342  370
342  377
342  384
342  762
343  350
343  357
343  364
343  371
343  378
343  385
343  763
344  345
344  346
344  347
344  348
344  349
344  350
344  351
344  358
344  365
344  372
344  386
344  764
345  346
345  347
345  348
345  349
345  350
345  352
345  359
345  366
345  373
345  387
345  765
346  347
346  348
346  349
346  350
346  353
346  360
346  367
346  374
346  388
346  766
347  348
347  349
347  350
347  354
347  361
347  368
347  375
347  389
347  767
348  349
348  350
348  355
348  362
348  369
348  376
348  390
348  768
349  350
349  356
349  363
349  370
349  377
349  391
349  769
350  357
350  364
350  371
350  378
350  392
350  770
351  352
351  353
351  354
351  355
351  356
351  357
351  358
351  365
351  372
351  393
351  771
352  353
352  354
352  355
352  356
352  357
352  359
352  366
352  373
352  394
352  772
353  354
353  355
353  356
353  357
353  360
353  367
353  374
353  395
353  773
354  355
354  356
354  357
354  361
354  368
354  375
354  396
354  774
355  356
355  357
355  362
355  369
355  376
355  397
355  775
356  357
356  363
356  370
356  377
356  398
356  776
357  364
357  371
357  378
357  399
357  777
358  359
358  360
358  361
358  362
358  363
358  364
358  365
358  372
358  400
358  778
359  360
359  361
359  362
359  363
359  364
359  366
359  373
359  401
359  779
360  361
360  362
360  363
360  364
360  367
360  374
360  402
360  780
361  362
361  363
361  364
361  368
361  375
361  403
361  781
362  363
362  364
362  369
362  376
362  404
362  782
363  364
363  370
363  377
363  405
363  783
364  371
364  378
364  406
364  784
365  366
365  367
365  368
365  369
365  370
365  371
365  372
365  407
365  785
366  367
366  368
366  369
366  370
366  371
366  373
366  408
366  786
367  368
367  369
367  370
367  371
367  374
367  409
367  787
368  369
368  370
368  371
368  375
368  410
368  788
369  370
369  371
369  376
369  411
369  789
370  371
370  377
370  412
370  790
371  378
371  413
371  791
372  373
372  374
372  375
372  376
372  377
372  378
372  414
372  792
373  374
373  375
373  376
373  377
373  378
373  415
373  793
374  375
374  376
374  377
374  378
374  416
374  794
375  376
375  377
375  378
375  417
375  795
376  377
376  378
376  418
376  796
377  378
377  419
377  797
378  420
378  798
379  380
379  381
379  382
379  383
379  384
379  385
379  386
379  393
379  400
379  407
379  414
379  799
380  381
380  382
380  383
380  384
380  385
380  387
380  394
380  401
380  408
380  415
380  800
381  382
381  383
381  384
381  385
381  388
381  395
381  402
381  409
381  416
381  801
382  383
382  384
382  385
382  389
382  396
382  403
382  410
382  417
382  802
383  384
383  385
383  390
383  397
383  404
383  411
383  418
383  803
384  385
384  391
384  398
384  405
384  412
384  419
384  804
385  392
385  399
385  406
385  413
385  420
385  805
386  387
386  388
386  389
386  390
386  391
386  392
386  393
386  400
386  407
386  414
386  806
387  388
387  389
387  390
387  391
387  392
387  394
387  401
387  408
387  415
387  807
388  389
388  390
388  391
388  392
388  395
388  402
388  409
388  416
388  808
389  390
389  391
389  392
389  396
389  403
389  410
389  417
389  809
390  391
390  392
390  397
390  404
390  411
390  418
390  810
391  392
391  398
391  405
391  412
391  419
391  811
392  399
392  406
392  413
392  420
392  812
393  394
393  395
393  396
393  397
393  398
393  399
393  400
393  407
393  414
393  813
394  395
394  396
394  397
394  398
394  399
394  401
394  408
394  415
394  814
395  396
395  397
395  398
395  399
395  402
395  409
395  416
395  815
396  397
396  398
396  399
396  403
396  410
396  417
396  816
397  398
397  399
397  404
397  411
397  418
397  817
398  399
398  405
398  412
398  419
398  818
399  406
399  413
399  420
399  819
400  401
400  402
400  403
400  404
400  405
400  406
400  407
400  414
400  820
401  402
401  403
401  404
401  405
401  406
401  408
401  415
401  821
402  403
402  404
402  405
402  406
402  409
402  416
402  822
403  404
403  405
403  406
403  410
403  417
403  823
404  405
404  406
404  411
404  418
404  824
405  406
405  412
405  419
405  825
406  413
406  420
406  826
407  408
407  409
407  410
407  411
407  412
407  413
407  414
407  827
408  409
408  410
408  411
408  412
408  413
408  415
408  828
409  410
409  411
409  412
409  413
409  416
409  829
410  411
410  412
410  413
410  417
410  830
411  412
411  413
411  418
411  831
412  413
412  419
412  832
413  420
413  833
414  415
414  416
414  417
414  418
414  419
414  420
414  834
415  416
415  417
415  418
415  419
415  420
415  835
416  417
416  418
416  419
416  420
416  836
417  418
417  419
417  420
417  837
418  419
418  420
418  838
419  420
419  839
420  840
421  422
421  423
421  424
421  425
421  426
421  427
421  428
421  435
421  442
421  449
421  456
421  463
421  505
421  547
421  589
421  631
422  423
422  424
422  425
422  426
422  427
422  429
422  436
422  443
422  450
422  457
422  464
422  506
422  548
422  590
422  632
423  424
423  425
423  426
423  427
423  430
423  437
423  444
423  451
423  458
423  465
423  507
423  549
423  591
423  633
424  425
424  426
424  427
424  431
424  438
424  445
424  452
424  459
424  466
424  508
424  550
424  592
424  634
425  426
425  427
425  432
425  439
425  446
425  453
425  460
425  467
425  509
425  551
425  593
425  635
426  427
426  433
426  440
426  447
426  454
426  461
426  468
426  510
426  552
426  594
426  636
427  434
427  441
427  448
427  455
427  462
427  469
427  511
427  553
427  595
427  637
428  429
428  430
428  431
428  432
428  433
428  434
428  435
428  442
428  449
428  456
428  470
428  512
428  554
428  596
428  638
429  430
429  431
429  432
429  433
429  434
429  436
429  443
429  450
429  457
429  471
429  513
429  555
429  597
429  639
430  431
430  432
430  433
430  434
430  437
430  444
430  451
430  458
430  472
430  514
430  556
430  598
430  640
431  432
431  433
431  434
431  438
431  445
431  452
431  459
431  473
431  515
431  557
431  599
431  641
432  433
432  434
432  439
432  446
432  453
432  460
432  474
432  516
432  558
432  600
432  642
433  434
433  440
433  447
433  454
433  461
433  475
433  517
433  559
433  601
433  643
434  441
434  448
434  455
434  462
434  476
434  518
434  560
434  602
434  644
435  436
435  437
435  438
435  439
435  440
435  441
435  442
435  449
435  456
435  477
435  519
435  561
435  603
435  645
436  437
436  438
436  439
436  440
436  441
436  443
436  450
436  457
436  478
436  520
436  562
436  604
436  646
437  438
437  439
437  440
437  441
437  444
437  451
437  458
437  479
437  521
437  563
437  605
437  647
438  439
438  440
438  441
438  445
438  452
438  459
438  480
438  522
438  564
438  606
438  648
439  440
439  441
439  446
439  453
439  460
439  481
439  523
439  565
439  607
439  649
440  441
440  447
440  454
440  461
440  482
440  524
440  566
440  608
440  650
441  448
441  455
441  462
441  483
441  525
441  567
441  609
441  651
442  443
442  444
442  445
442  446
442  447
442  448
442  449
442  456
442  484
442  526
442  568
442  610
442  652
443  444
443  445
443  446
443  447
443  448
443  450
443  457
443  485
443  527
443  569
443  611
443  653
444  445
444  446
444  447
444  448
444  451
444  458
444  486
444  528
444  570
444  612
444  654
445  446
445  447
445  448
445  452
445  459
445  487
445  529
445  571
445  613
445  655
446  447
446  448
446  453
446  460
446  488
446  530
446  572
446  614
446  656
447  448
447  454
447  461
447  489
447  531
447  573
447  615
447  657
448  455
448  462
448  490
448  532
448  574
448  616
448  658
449  450
449  451
449  452
449  453
449  454
449  455
449  456
449  491
449  533
449  575
449  617
449  659
450  451
450  452
450  453
450  454
450  455
450  457
450  492
450  534
450  576
450  618
450  660
451  452
451  453
451  454
451  455
451  458
451  493
451  535
451  577
451  619
451  661
452  453
452  454
452  455
452  459
452  494
452  536
452  578
452  620
452  662
453  454
453  455
453  460
453  495
453  537
453  579
453  621
453  663
454  455
454  461
454  496
454  538
454  580
454  622
454  664
455  462
455  497
455  539
455  581
455  623
455  665
456  457
456  458
456  459
456  460
456  461
456  462
456  498
456  540
456  582
456  624
456  666
457  458
457  459
457  460
457  461
457  462
457  499
457  541
457  583
457  625
457  667
458  459
458  460
458  461
458  462
458  500
458  542
458  584
458  626
458  668
459  460
459  461
459  462
459  501
459  543
459  585
459  627
459  669
460  461
460  462
460  502
460  544
460  586
460  628
460  670
461  462
461  503
461  545
461  587
461  629
461  671
462  504
462  546
462  588
462  630
462  672
463  464
463  465
463  466
463  467
463  468
463  469
463  470
463  477
463  484
463  491
463  498
463  505
463  547
463  589
463  673
464  465
464  466
464  467
464  468
464  469
464  471
464  478
464  485
464  492
464  499
464  506
464  548
464  590
464  674
465  466
465  467
465  468
465  469
465  472
465  479
465  486
465  493
465  500
465  507
465  549
465  591
465  675
466  467
466  468
466  469
466  473
466  480
466  487
466  494
466  501
466  508
466  550
466  592
466  676
467  468
467  469
467  474
467  481
467  488
467  495
467  502
467  509
467  551
467  593
467  677
468  469
468  475
468  482
468  489
468  496
468  503
468  510
468  552
468  594
468  678
469  476
469  483
469  490
469  497
469  504
469  511
469  553
469  595
469  679
470  471
470  472
470  473
470  474
470  475
470  476
470  477
470  484
470  491
470  498
470  512
470  554
470  596
470  680
471  472
471  473
471  474
471  475
471  476
471  478
471  485
471  492
471  499
471  513
471  555
471  597
471  681
472  473
472  474
472  475
472  476
472  479
472  486
472  493
472  500
472  514
472  556
472  598
472  682
473  474
473  475
473  476
473  480
473  487
473  494
473  501
473  515
473  557
473  599
473  683
474  475
474  476
474  481
474  488
474  495
474  502
474  516
474  558
474  600
474  684
475  476
475  482
475  489
475  496
475  503
475  517
475  559
475  601
475  685
476  483
476  490
476  497
476  504
476  518
476  560
476  602
476  686
477  478
477  479
477  480
477  481
477  482
477  483
477  484
477  491
477  498
477  519
477  561
477  603
477  687
478  479
478  480
478  481
478  482
478  483
478  485
478  492
478  499
478  520
478  562
478  604
478  688
479  480
479  481
479  482
479  483
479  486
479  493
479  500
479  521
479  563
479  605
479  689
480  481
480  482
480  483
480  487
480  494
480  501
480  522
480  564
480  606
480  690
481  482
481  483
481  488
481  495
481  502
481  523
481  565
481  607
481  691
482  483
482  489
482  496
482  503
482  524
482  566
482  608
482  692
483  490
483  497
483  504
483  525
483  567
483  609
483  693
484  485
484  486
484  487
484  488
484  489
484  490
484  491
484  498
484  526
484  568
484  610
484  694
485  486
485  487
485  488
485  489
485  490
485  492
485  499
485  527
485  569
485  611
485  695
486  487
486  488
486  489
486  490
486  493
486  500
486  528
486  570
486  612
486  696
487  488
487  489
487  490
487  494
487  501
487  529
487  571
487  613
487  697
488  489
488  490
488  495
488  502
488  530
488  572
488  614
488  698
489  490
489  496
489  503
489  531
489  573
489  615
489  699
490  497
490  504
490  532
490  574
490  616
490  700
491  492
491  493
491  494
491  495
491  496
491  497
491  498
491  533
491  575
491  617
491  701
492  493
492  494
492  495
492  496
492  497
492  499
492  534
492  576
492  618
492  702
493  494
493  495
493  496
493  497
493  500
493  535
493  577
493  619
493  703
494  495
494  496
494  497
494  501
494  536
494  578
494  620
494  704
495  496
495  497
495  502
495  537
495  579
495  621
495  705
496  497
496  503
496  538
496  580
496  622
496  706
497  504
497  539
497  581
497  623
497  707
498  499
498  500
498  501
498  502
498  503
498  504
498  540
498  582
498  624
498  708
499  500
499  501
499  502
499  503
499  504
499  541
499  583
499  625
499  709
500  501
500  502
500  503
500  504
500  542
500  584
500  626
500  710
501  502
501  503
501  504
501  543
501  585
501  627
501  711
502  503
502  504
502  544
502  586
502  628
502  712
503  504
503  545
503  587
503  629
503  713
504  546
504  588
504  630
504  714
505  506
505  507
505  508
505  509
505  510
505  511
505  512
505  519
505  526
505  533
505  540
505  547
505  589
505  715
506  507
506  508
506  509
506  510
506  511
506  513
506  520
506  527
506  534
506  541
506  548
506  590
506  716
507  508
507  509
507  510
507  511
507  514
507  521
507  528
507  535
507  542
507  549
507  591
507  717
508  509
508  510
508  511
508  515
508  522
508  529
508  536
508  543
508  550
508  592
508  718
509  510
509  511
509  516
509  523
509  530
509  537
509  544
509  551
509  593
509  719
510  511
510  517
510  524
510  531
510  538
510  545
510  552
510  594
510  720
511  518
511  525
511  532
511  539
511  546
511  553
511  595
511  721
512  513
512  514
512  515
512  516
512  517
512  518
512  519
512  526
512  533
512  540
512  554
512  596
512  722
513  514
513  515
513  516
513  517
513  518
513  520
513  527
513  534
513  541
513  555
513  597
513  723
514  515
514  516
514  517
514  518
514  521
514  528
514  535
514  542
514  556
514  598
514  724
515  516
515  517
515  518
515  522
515  529
515  536
515  543
515  557
515  599
515  725
516  517
516  518
516  523
516  530
516  537
516  544
516  558
516  600
516  726
517  518
517  524
517  531
517  538
517  545
517  559
517  601
517  727
518  525
518  532
518  539
518  546
518  560
518  602
518  728
519  520
519  521
519  522
519  523
519  524
519  525
519  526
519  533
519  540
519  561
519  603
519  729
520  521
520  522
520  523
520  524
520  525
520  527
520  534
520  541
520  562
520  604
520  730
521  522
521  523
521  524
521  525
521  528
521  535
521  542
521  563
521  605
521  731
522  523
522  524
522  525
522  529
522  536
522  543
522  564
522  606
522  732
523  524
523  525
523  530
523  537
523  544
523  565
523  607
523  733
524  525
524  531
524  538
524  545
524  566
524  608
524  734
525  532
525  539
525  546
525  567
525  609
525  735
526  527
526  528
526  529
526  530
526  531
526  532
526  533
526  540
526  568
526  610
526  736
527  528
527  529
527  530
527  531
527  532
527  534
527  541
527  569
527  611
527  737
528  529
528  530
528  531
528  532
528  535
528  542
528  570
528  612
528  738
529  530
529  531
529  532
529  536
529  543
529  571
529  613
529  739
530  531
530  532
530  537
530  544
530  572
530  614
530  740
531  532
531  538
531  545
531  573
531  615
531  741
532  539
532  546
532  574
532  616
532  742
533  534
533  535
533  536
533  537
533  538
533  539
533  540
533  575
533  617
533  743
534  535
534  536
534  537
534  538
534  539
534  541
534  576
534  618
534  744
535  536
535  537
535  538
535  539
535  542
535  577
535  619
535  745
536  537
536  538
536  539
536  543
536  578
536  620
536  746
537  538
537  539
537  544
537  579
537  621
537  747
538  539
538  545
538  580
538  622
538  748
539  546
539  581
539  623
539  749
540  541
540  542
540  543
540  544
540  545
540  546
540  582
540  624
540  750
541  542
541  543
541  544
541  545
541  546
541  583
541  625
541  751
542  543
542  544
542  545
542  546
542  584
542  626
542  752
543  544
543  545
543  546
543  585
543  627
543  753
544  545
544  546
544  586
544  628
544  754
545  546
545  587
545  629
545  755
546  588
546  630
546  756
547  548
547  549
547  550
547  551
547  552
547  553
547  554
547  561
547  568
547  575
547  582
547  589
547  757
548  549
548  550
548  551
548  552
548  553
548  555
548  562
548  569
548  576
548  583
548  590
548  758
549  550
549  551
549  552
549  553
549  556
549  563
549  570
549  577
549  584
549  591
549  759
550  551
550  552
550  553
550  557
550  564
550  571
550  578
550  585
550  592
550  760
551  552
551  553
551  558
551  565
551  572
551  579
551  586
551  593
551  761
552  553
552  559
552  566
552  573
552  580
552  587
552  594
552  762
553  560
553  567
553  574
553  581
553  588
553  595
553  763
554  555
554  556
554  557
554  558
554  559
554  560
554  561
554  568
554  575
554  582
554  596
554  764
555  556
555  557
555  558
555  559
555  560
555  562
555  569
555  576
555  583
555  597
555  765
556  557
556  558
556  559
556  560
556  563
556  570
556  577
556  584
556  598
556  766
557  558
557  559
557  560
557  564
557  571
557  578
557  585
557  599
557  767
558  559
558  560
558  565
558  572
558  579
558  586
558  600
558  768
559  560
559  566
559  573
559  580
559  587
559  601
559  769
560  567
560  574
560  581
560  588
560  602
560  770
561  562
561  563
561  564
561  565
561  566
561  567
561  568
561  575
561  582
561  603
561  771
562  563
562  564
562  565
562  566
562  567
562  569
562  576
562  583
562  604
562  772
563  564
563  565
563  566
563  567
563  570
563  577
563  584
563  605
563  773
564  565
564  566
564  567
564  571
564  578
564  585
564  606
564  774
565  566
565  567
565  572
565  579
565  586
565  607
565  775
566  567
566  573
566  580
566  587
566  608
566  776
567  574
567  581
567  588
567  609
567  777
568  569
568  570
568  571
568  572
568  573
568  574
568  575
568  582
568  610
568  778
569  570
569  571
569  572
569  573
569  574
569  576
569  583
569  611
569  779
570  571
570  572
570  573
570  574
570  577
570  584
570  612
570  780
571  572
571  573
571  574
571  578
571  585
571  613
571  781
572  573
572  574
572  579
572  586
572  614
572  782
573  574
573  580
573  587
573  615
573  783
574  581
574  588
574  616
574  784
575  576
575  577
575  578
575  579
575  580
575  581
575  582
575  617
575  785
576  577
576  578
576  579
576  580
576  581
576  583
576  618
576  786
577  578
577  579
577  580
577  581
577  584
577  619
577  787
578  579
578  580
578  581
578  585
578  620
578  788
579  580
579  581
579  586
579  621
579  789
580  581
580  587
580  622
580  790
581  588
581  623
581  791
582  583
582  584
582  585
582  586
582  587
582  588
582  624
582  792
583  584
583  585
583  586
583  587
583  588
583  625
583  793
584  585
584  586
584  587
584  588
584  626
584  794
585  586
585  587
585  588
585  627
585  795
586  587
586  588
586  628
586  796
587  588
587  629
587  797
588  630
588  798
589  590
589  591
589  592
589  593
589  594
589  595
589  596
589  603
589  610
589  617
589  624
589  799
590  591
590  592
590  593
590  594
590  595
590  597
590  604
590  611
590  618
590  625
590  800
591  592
591  593
591  594
591  595
591  598
591  605
591  612
591  619
591  626
591  801
592  593
592  594
592  595
592  599
592  606
592  613
592  620
592  627
592  802
593  594
593  595
593  600
593  607
593  614
593  621
593  628
593  803
594  595
594  601
594  608
594  615
594  622
594  629
594  804
595  602
595  609
595  616
595  623
595  630
595  805
596  597
596  598
596  599
596  600
596  601
596  602
596  603
596  610
596  617
596  624
596  806
597  598
597  599
597  600
597  601
597  602
597  604
597  611
597  618
597  625
597  807
598  599
598  600
598  601
598  602
598  605
598  612
598  619
598  626
598  808
599  600
599  601
599  602
599  606
599  613
599  620
599  627
599  809
600  601
600  602
600  607
600  614
600  621
600  628
600  810
601  602
601  608
601  615
601  622
601  629
601  811
602  609
602  616
602  623
602  630
602  812
603  604
603  605
603  606
603  607
603  608
603  609
603  610
603  617
603  624
603  813
604  605
604  606
604  607
604  608
604  609
604  611
604  618
604  625
604  814
605  606
605  607
605  608
605  609
605  612
605  619
605  626
605  815
606  607
606  608
606  609
606  613
606  620
606  627
606  816
607  608
607  609
607  614
607  621
607  628
607  817
608  609
608  615
608  622
608  629
608  818
609  616
609  623
609  630
609  819
610  611
610  612
610  613
610  614
610  615
610  616
610  617
610  624
610  820
611  612
611  613
611  614
611  615
611  616
611  618
611  625
611  821
612  613
612  614
612  615
612  616
612  619
612  626
612  822
613  614
613  615
613  616
613  620
613  627
613  823
614  615
614  616
614  621
614  628
614  824
615  616
615  622
615  629
615  825
616  623
616  630
616  826
617  618
617  619
617  620
617  621
617  622
617  623
617  624
617  827
618  619
618  620
618  621
618  622
618  623
618  625
618  828
619  620
619  621
619  622
619  623
619  626
619  829
620  621
620  622
620  623
620  627
620  830
621  622
621  623
621  628
621  831
622  623
622  629
622  832
623  630
623  833
624  625
624  626
624  627
624  628
624  629
624  630
624  834
625  626
625  627
625  628
625  629
625  630
625  835
626  627
626  628
626  629
626  630
626  836
627  628
627  629
627  630
627  837
628  629
628  630
628  838
629  630
629  839
630  840
631  632
631  633
631  634
631  635
631  636
631  637
631  638
631  645
631  652
631  659
631  666
631  673
631  715
631  757
631  799
632  633
632  634
632  635
632  636
632  637
632  639
632  646
632  653
632  660
632  667
632  674
632  716
632  758
632  800
633  634
633  635
633  636
633  637
633  640
633  647
633  654
633  661
633  668
633  675
633  717
633  759
633  801
634  635
634  636
634  637
634  641
634  648
634  655
634  662
634  669
634  676
634  718
634  760
634  802
635  636
635  637
635  642
635  649
635  656
635  663
635  670
635  677
635  719
635  761
635  803
636  637
636  643
636  650
636  657
636  664
636  671
636  678
636  720
636  762
636  804
637  644
637  651
637  658
637  665
637  672
637  679
637  721
637  763
637  805
638  639
638  640
638  641
638  642
638  643
638  644
638  645
638  652
638  659
638  666
638  680
638  722
638  764
638  806
639  640
639  641
639  642
639  643
639  644
639  646
639  653
639  660
639  667
639  681
639  723
639  765
639  807
640  641
640  642
640  643
640  644
640  647
640  654
640  661
640  668
640  682
640  724
640  766
640  808
641  642
641  643
641  644
641  648
641  655
641  662
641  669
641  683
641  725
641  767
641  809
642  643
642  644
642  649
642  656
642  663
642  670
642  684
642  726
642  768
642  810
643  644
643  650
643  657
643  664
643  671
643  685
643  727
643  769
643  811
644  651
644  658
644  665
644  672
644  686
644  728
644  770
644  812
645  646
645  647
645  648
645  649
645  650
645  651
645  652
645  659
645  666
645  687
645  729
645  771
645  813
646  647
646  648
646  649
646  650
646  651
646  653
646  660
646  667
646  688
646  730
646  772
646  814
647  648
647  649
647  650
647  651
647  654
647  661
647  668
647  689
647  731
647  773
647  815
648  649
648  650
648  651
648  655
648  662
648  669
648  690
648  732
648  774
648  816
649  650
649  651
649  656
649  663
649  670
649  691
649  733
649  775
649  817
650  651
650  657
650  664
650  671
650  692
650  734
650  776
650  818
651  658
651  665
651  672
651  693
651  735
651  777
651  819
652  653
652  654
652  655
652  656
652  657
652  658
652  659
652  666
652  694
652  736
652  778
652  820
653  654
653  655
653  656
653  657
653  658
653  660
653  667
653  695
653  737
653  779
653  821
654  655
654  656
654  657
654  658
654  661
654  668
654  696
654  738
654  780
654  822
655  656
655  657
655  658
655  662
655  669
655  697
655  739
655  781
655  823
656  657
656  658
656  663
656  670
656  698
656  740
656  782
656  824
657  658
657  664
657  671
657  699
657  741
657  783
657  825
658  665
658  672
658  700
658  742
658  784
658  826
659  660
659  661
659  662
659  663
659  664
659  665
659  666
659  701
659  743
659  785
659  827
660  661
660  662
660  663
660  664
660  665
660  667
660  702
660  744
660  786
660  828
661  662
661  663
661  664
661  665
661  668
661  703
661  745
661  787
661  829
662  663
662  664
662  665
662  669
662  704
662  746
662  788
662  830
663  664
663  665
663  670
663  705
663  747
663  789
663  831
664  665
664  671
664  706
664  748
664  790
664  832
665  672
665  707
665  749
665  791
665  833
666  667
666  668
666  669
666  670
666  671
666  672
666  708
666  750
666  792
666  834
667  668
667  669
667  670
667  671
667  672
667  709
667  751
667  793
667  835
668  669
668  670
668  671
668  672
668  710
668  752
668  794
668  836
669  670
669  671
669  672
669  711
669  753
669  795
669  837
670  671
670  672
670  712
670  754
670  796
670  838
671  672
671  713
671  755
671  797
671  839
672  714
672  756
672  798
672  840
673  674
673  675
673  676
673  677
673  678
673  679
673  680
673  687
673  694
673  701
673  708
673  715
673  757
673  799
674  675
674  676
674  677
674  678
674  679
674  681
674  688
674  695
674  702
674  709
674  716
674  758
674  800
675  676
675  677
675  678
675  679
675  682
675  689
675  696
675  703
675  710
675  717
675  759
675  801
676  677
676  678
676  679
676  683
676  690
676  697
676  704
676  711
676  718
676  760
676  802
677  678
677  679
677  684
677  691
677  698
677  705
677  712
677  719
677  761
677  803
678  679
678  685
678  692
678  699
678  706
678  713
678  720
678  762
678  804
679  686
679  693
679  700
679  707
679  714
679  721
679  763
679  805
680  681
680  682
680  683
680  684
680  685
680  686
680  687
680  694
680  701
680  708
680  722
680  764
680  806
681  682
681  683
681  684
681  685
681  686
681  688
681  695
681  702
681  709
681  723
681  765
681  807
682  683
682  684
682  685
682  686
682  689
682  696
682  703
682  710
682  724
682  766
682  808
683  684
683  685
683  686
683  690
683  697
683  704
683  711
683  725
683  767
683  809
684  685
684  686
684  691
684  698
684  705
684  712
684  726
684  768
684  810
685  686
685  692
685  699
685  706
685  713
685  727
685  769
685  811
686  693
686  700
686  707
686  714
686  728
686  770
686  812
687  688
687  689
687  690
687  691
687  692
687  693
687  694
687  701
687  708
687  729
687  771
687  813
688  689
688  690
688  691
688  692
688  693
688  695
688  702
688  709
688  730
688  772
688  814
689  690
689  691
689  692
689  693
689  696
689  703
689  710
689  731
689  773
689  815
690  691
690  692
690  693
690  697
690  704
690  711
690  732
690  774
690  816
691  692
691  693
691  698
691  705
691  712
691  733
691  775
691  817
692  693
692  699
692  706
692  713
692  734
692  776
692  818
693  700
693  707
693  714
693  735
693  777
693  819
694  695
694  696
694  697
694  698
694  699
694  700
694  701
694  708
694  736
694  778
694  820
695  696
695  697
695  698
695  699
695  700
695  702
695  709
695  737
695  779
695  821
696  697
696  698
696  699
696  700
696  703
696  710
696  738
696  780
696  822
697  698
697  699
697  700
697  704
697  711
697  739
697  781
697  823
698  699
698  700
698  705
698  712
698  740
698  782
698  824
699  700
699  706
699  713
699  741
699  783
699  825
700  707
700  714
700  742
700  784
700  826
701  702
701  703
701  704
701  705
701  706
701  707
701  708
701  743
701  785
701  827
702  703
702  704
702  705
702  706
702  707
702  709
702  744
702  786
702  828
703  704
703  705
703  706
703  707
703  710
703  745
703  787
703  829
704  705
704  706
704  707
704  711
704  746
704  788
704  830
705  706
705  707
705  712
705  747
705  789
705  831
706  707
706  713
706  748
706  790
706  832
707  714
707  749
707  791
707  833
708  709
708  710
708  711
708  712
708  713
708  714
708  750
708  792
708  834
709  710
709  711
709  712
709  713
709  714
709  751
709  793
709  835
710  711
710  712
710  713
710  714
710  752
710  794
710  836
711  712
711  713
711  714
711  753
711  795
711  837
712  713
712  714
712  754
712  796
712  838
713  714
713  755
713  797
713  839
714  756
714  798
714  840
715  716
715  717
715  718
715  719
715  720
715  721
715  722
715  729
715  736
715  743
715  750
715  757
715  799
716  717
716  718
716  719
716  720
716  721
716  723
716  730
716  737
716  744
716  751
716  758
716  800
717  718
717  719
717  720
717  721
717  724
717  731
717  738
717  745
717  752
717  759
717  801
718  719
718  720
718  721
718  725
718  732
718  739
718  746
718  753
718  760
718  802
719  720
719  721
719  726
719  733
719  740
719  747
719  754
719  761
719  803
720  721
720  727
720  734
720  741
720  748
720  755
720  762
720  804
721  728
721  735
721  742
721  749
721  756
721  763
721  805
722  723
722  724
722  725
722  726
722  727
722  728
722  729
722  736
722  743
722  750
722  764
722  806
723  724
723  725
723  726
723  727
723  728
723  730
723  737
723  744
723  751
723  765
723  807
724  725
724  726
724  727
724  728
724  731
724  738
724  745
724  752
724  766
724  808
725  726
725  727
725  728
725  732
725  739
725  746
725  753
725  767
725  809
726  727
726  728
726  733
726  740
726  747
726  754
726  768
726  810
727  728
727  734
727  741
727  748
727  755
727  769
727  811
728  735
728  742
728  749
728  756
728  770
728  812
729  730
729  731
729  732
729  733
729  734
729  735
729  736
729  743
729  750
729  771
729  813
730  731
730  732
730  733
730  734
730  735
730  737
730  744
730  751
730  772
730  814
731  732
731  733
731  734
731  735
731  738
731  745
731  752
731  773
731  815
732  733
732  734
732  735
732  739
732  746
732  753
732  774
732  816
733  734
733  735
733  740
733  747
733  754
733  775
733  817
734  735
734  741
734  748
734  755
734  776
734  818
735  742
735  749
735  756
735  777
735  819
736  737
736  738
736  739
736  740
736  741
736  742
736  743
736  750
736  778
736  820
737  738
737  739
737  740
737  741
737  742
737  744
737  751
737  779
737  821
738  739
738  740
738  741
738  742
738  745
738  752
738  780
738  822
739  740
739  741
739  742
739  746
739  753
739  781
739  823
740  741
740  742
740  747
740  754
740  782
740  824
741  742
741  748
741  755
741  783
741  825
742  749
742  756
742  784
742  826
743  744
743  745
743  746
743  747
743  748
743  749
743  750
743  785
743  827
744  745
744  746
744  747
744  748
744  749
744  751
744  786
744  828
745  746
745  747
745  748
745  749
745  752
745  787
745  829
746  747
746  748
746  749
746  753
746  788
746  830
747  748
747  749
747  754
747  789
747  831
748  749
748  755
748  790
748  832
749  756
749  791
749  833
750  751
750  752
750  753
750  754
750  755
750  756
750  792
750  834
751  752
751  753
751  754
751  755
751  756
751  793
751  835
752  753
752  754
752  755
752  756
752  794
752  836
753  754
753  755
753  756
753  795
753  837
754  755
754  756
754  796
754  838
755  756
755  797
755  839
756  798
756  840
757  758
757  759
757  760
757  761
757  762
757  763
757  764
757  771
757  778
757  785
757  792
757  799
758  759
758  760
758  761
758  762
758  763
758  765
758  772
758  779
758  786
758  793
758  800
759  760
759  761
759  762
759  763
759  766
759  773
759  780
759  787
759  794
759  801
760  761
760  762
760  763
760  767
760  774
760  781
760  788
760  795
760  802
761  762
761  763
761  768
761  775
761  782
761  789
761  796
761  803
762  763
762  769
762  776
762  783
762  790
762  797
762  804
763  770
763  777
763  784
763  791
763  798
763  805
764  765
764  766
764  767
764  768
764  769
764  770
764  771
764  778
764  785
764  792
764  806
765  766
765  767
765  768
765  769
765  770
765  772
765  779
765  786
765  793
765  807
766  767
766  768
766  769
766  770
766  773
766  780
766  787
766  794
766  808
767  768
767  769
767  770
767  774
767  781
767  788
767  795
767  809
768  769
768  770
768  775
768  782
768  789
768  796
768  810
769  770
769  776
769  783
769  790
769  797
769  811
770  777
770  784
770  791
770  798
770  812
771  772
771  773
771  774
771  775
771  776
771  777
771  778
771  785
771  792
771  813
772  773
772  774
772  775
772  776
772  777
772  779
772  786
772  793
772  814
773  774
773  775
773  776
773  777
773  780
773  787
773  794
773  815
774  775
774  776
774  777
774  781
774  788
774  795
774  816
775  776
775  777
775  782
775  789
775  796
775  817
776  777
776  783
776  790
776  797
776  818
777  784
777  791
777  798
777  819
778  779
778  780
778  781
778  782
778  783
778  784
778  785
778  792
778  820
779  780
779  781
779  782
779  783
779  784
779  786
779  793
779  821
780  781
780  782
780  783
780  784
780  787
780  794
780  822
781  782
781  783
781  784
781  788
781  795
781  823
782  783
782  784
782  789
782  796
782  824
783  784
783  790
783  797
783  825
784  791
784  798
784  826
785  786
785  787
785  788
785  789
785  790
785  791
785  792
785  827
786  787
786  788
786  789
786  790
786  791
786  793
786  828
787  788
787  789
787  790
787  791
787  794
787  829
788  789
788  790
788  791
788  795
788  830
789  790
789  791
789  796
789  831
790  791
790  797
790  832
791  798
791  833
792  793
792  794
792  795
792  796
792  797
792  798
792  834
793  794
793  795
793  796
793  797
793  798
793  835
794  795
794  796
794  797
794  798
794  836
795  796
795  797
795  798
795  837
796  797
796  798
796  838
797  798
797  839
798  840
799  800
799  801
799  802
799  803
799  804
799  805
799  806
799  813
799  820
799  827
799  834
800  801
800  802
800  803
800  804
800  805
800  807
800  814
800  821
800  828
800  835
801  802
801  803
801  804
801  805
801  808
801  815
801  822
801  829
801  836
802  803
802  804
802  805
802  809
802  816
802  823
802  830
802  837
803  804
803  805
803  810
803  817
803  824
803  831
803  838
804  805
804  811
804  818
804  825
804  832
804  839
805  812
805  819
805  826
805  833
805  840
806  807
806  808
806  809
806  810
806  811
806  812
806  813
806  820
806  827
806  834
807  808
807  809
807  810
807  811
807  812
807  814
807  821
807  828
807  835
808  809
808  810
808  811
808  812
808  815
808  822
808  829
808  836
809  810
809  811
809  812
809  816
809  823
809  830
809  837
810  811
810  812
810  817
810  824
810  831
810  838
811  812
811  818
811  825
811  832
811  839
812  819
812  826
812  833
812  840
813  814
813  815
813  816
813  817
813  818
813  819
813  820
813  827
813  834
814  815
814  816
814  817
814  818
814  819
814  821
814  828
814  835
815  816
815  817
815  818
815  819
815  822
815  829
815  836
816  817
816  818
816  819
816  823
816  830
816  837
817  818
817  819
817  824
817  831
817  838
818  819
818  825
818  832
818  839
819  826
819  833
819  840
820  821
820  822
820  823
820  824
820  825
820  826
820  827
820  834
821  822
821  823
821  824
821  825
821  826
821  828
821  835
822  823
822  824
822  825
822  826
822  829
822  836
823  824
823  825
823  826
823  830
823  837
824  825
824  826
824  831
824  838
825  826
825  832
825  839
826  833
826  840
827  828
827  829
827  830
827  831
827  832
827  833
827  834
828  829
828  830
828  831
828  832
828  833
828  835
829  830
829  831
829  832
829  833
829  836
830  831
830  832
830  833
830  837
831  832
831  833
831  838
832  833
832  839
833  840
834  835
834  836
834  837
834  838
834  839
834  840
835  836
835  837
835  838
835  839
835  840
836  837
836  838
836  839
836  840
837  838
837  839
837  840
838  839
838  840
839  840
