Problem name: hamming2x3x4x6x6.txt 	 Optimal solution = 143
864 864 6912
1  2
1  3
1  4
1  5
1  6
1  7
1  13
1  19
1  25
1  31
1  37
1  73
1  109
1  145
1  289
1  433
2  3
2  4
2  5
2  6
2  8
2  14
2  20
2  26
2  32
2  38
2  74
2  110
2  146
2  290
2  434
3  4
3  5
3  6
3  9
3  15
3  21
3  27
3  33
3  39
3  75
3  111
3  147
3  291
3  435
4  5
4  6
4  10
4  16
4  22
4  28
4  34
4  40
4  76
4  112
4  148
4  292
4  436
5  6
5  11
5  17
5  23
5  29
5  35
5  41
5  77
5  113
5  149
5  293
5  437
6  12
6  18
6  24
6  30
6  36
6  42
6  78
6  114
6  150
6  294
6  438
7  8
7  9
7  10
7  11
7  12
7  13
7  19
7  25
7  31
7  43
7  79
7  115
7  151
7  295
7  439
8  9
8  10
8  11
8  12
8  14
8  20
8  26
8  32
8  44
8  80
8  116
8  152
8  296
8  440
9  10
9  11
9  12
9  15
9  21
9  27
9  33
9  45
9  81
9  117
9  153
9  297
9  441
10  11
10  12
10  16
10  22
10  28
10  34
10  46
10  82
10  118
10  154
10  298
10  442
11  12
11  17
11  23
11  29
11  35
11  47
11  83
11  119
11  155
11  299
11  443
12  18
12  24
12  30
12  36
12  48
12  84
12  120
12  156
12  300
12  444
13  14
13  15
13  16
13  17
13  18
13  19
13  25
13  31
13  49
13  85
13  121
13  157
13  301
13  445
14  15
14  16
14  17
14  18
14  20
14  26
14  32
14  50
14  86
14  122
14  158
14  302
14  446
15  16
15  17
15  18
15  21
15  27
15  33
15  51
15  87
15  123
15  159
15  303
15  447
16  17
16  18
16  22
16  28
16  34
16  52
16  88
16  124
16  160
16  304
16  448
17  18
17  23
17  29
17  35
17  53
17  89
17  125
17  161
17  305
17  449
18  24
18  30
18  36
18  54
18  90
18  126
18  162
18  306
18  450
19  20
19  21
19  22
19  23
19  24
19  25
19  31
19  55
19  91
19  127
19  163
19  307
19  451
20  21
20  22
20  23
20  24
20  26
20  32
20  56
20  92
20  128
20  164
20  308
20  452
21  22
21  23
21  24
21  27
21  33
21  57
21  93
21  129
21  165
21  309
21  453
22  23
22  24
22  28
22  34
22  58
22  94
22  130
22  166
22  310
22  454
23  24
23  29
23  35
23  59
23  95
23  131
23  167
23  311
23  455
24  30
24  36
24  60
24  96
24  132
24  168
24  312
24  456
25  26
25  27
25  28
25  29
25  30
25  31
25  61
25  97
25  133
25  169
25  313
25  457
26  27
26  28
26  29
26  30
26  32
26  62
26  98
26  134
26  170
26  314
26  458
27  28
27  29
27  30
27  33
27  63
27  99
27  135
27  171
27  315
27  459
28  29
28  30
28  34
28  64
28  100
28  136
28  172
28  316
28  460
29  30
29  35
29  65
29  101
29  137
29  173
29  317
29  461
30  36
30  66
30  102
30  138
30  174
30  318
30  462
31  32
31  33
31  34
31  35
31  36
31  67
31  103
31  139
31  175
31  319
31  463
32  33
32  34
32  35
32  36
32  68
32  104
32  140
32  176
32  320
32  464
33  34
33  35
33  36
33  69
33  105
33  141
33  177
33  321
33  465
34  35
34  36
34  70
34  106
34  142
34  178
34  322
34  466
35  36
35  71
35  107
35  143
35  179
35  323
35  467
36  72
36  108
36  144
36  180
36  324
36  468
37  38
37  39
37  40
37  41
37  42
37  43
37  49
37  55
37  61
37  67
37  73
37  109
37  181
37  325
37  469
38  39
38  40
38  41
38  42
38  44
38  50
38  56
38  62
38  68
38  74
38  110
38  182
38  326
38  470
39  40
39  41
39  42
39  45
39  51
39  57
39  63
39  69
39  75
39  111
39  183
39  327
39  471
40  41
40  42
40  46
40  52
40  58
40  64
40  70
40  76
40  112
40  184
40  328
40  472
41  42
41  47
41  53
41  59
41  65
41  71
41  77
41  113
41  185
41  329
41  473
42  48
42  54
42  60
42  66
42  72
42  78
42  114
42  186
42  330
42  474
43  44
43  45
43  46
43  47
43  48
43  49
43  55
43  61
43  67
43  79
43  115
43  187
43  331
43  475
44  45
44  46
44  47
44  48
44  50
44  56
44  62
44  68
44  80
44  116
44  188
44  332
44  476
45  46
45  47
45  48
45  51
45  57
45  63
45  69
45  81
45  117
45  189
45  333
45  477
46  47
46  48
46  52
46  58
46  64
46  70
46  82
46  118
46  190
46  334
46  478
47  48
47  53
47  59
47  65
47  71
47  83
47  119
47  191
47  335
47  479
48  54
48  60
48  66
48  72
48  84
48  120
48  192
48  336
48  480
49  50
49  51
49  52
49  53
49  54
49  55
49  61
49  67
49  85
49  121
49  193
49  337
49  481
50  51
50  52
50  53
50  54
50  56
50  62
50  68
50  86
50  122
50  194
50  338
50  482
51  52
51  53
51  54
51  57
51  63
51  69
51  87
51  123
51  195
51  339
51  483
52  53
52  54
52  58
52  64
52  70
52  88
52  124
52  196
52  340
52  484
53  54
53  59
53  65
53  71
53  89
53  125
53  197
53  341
53  485
54  60
54  66
54  72
54  90
54  126
54  198
54  342
54  486
55  56
55  57
55  58
55  59
55  60
55  61
55  67
55  91
55  127
55  199
55  343
55  487
56  57
56  58
56  59
56  60
56  62
56  68
56  92
56  128
56  200
56  344
56  488
57  58
57  59
57  60
57  63
57  69
57  93
57  129
57  201
57  345
57  489
58  59
58  60
58  64
58  70
58  94
58  130
58  202
58  346
58  490
59  60
59  65
59  71
59  95
59  131
59  203
59  347
59  491
60  66
60  72
60  96
60  132
60  204
60  348
60  492
61  62
61  63
61  64
61  65
61  66
61  67
61  97
61  133
61  205
61  349
61  493
62  63
62  64
62  65
62  66
62  68
62  98
62  134
62  206
62  350
62  494
63  64
63  65
63  66
63  69
63  99
63  135
63  207
63  351
63  495
64  65
64  66
64  70
64  100
64  136
64  208
64  352
64  496
65  66
65  71
65  101
65  137
65  209
65  353
65  497
66  72
66  102
66  138
66  210
66  354
66  498
67  68
67  69
67  70
67  71
67  72
67  103
67  139
67  211
67  355
67  499
68  69
68  70
68  71
68  72
68  104
68  140
68  212
68  356
68  500
69  70
69  71
69  72
69  105
69  141
69  213
69  357
69  501
70  71
70  72
70  106
70  142
70  214
70  358
70  502
71  72
71  107
71  143
71  215
71  359
71  503
72  108
72  144
72  216
72  360
72  504
73  74
73  75
73  76
73  77
73  78
73  79
73  85
73  91
73  97
73  103
73  109
73  217
73  361
73  505
74  75
74  76
74  77
74  78
74  80
74  86
74  92
74  98
74  104
74  110
74  218
74  362
74  506
75  76
75  77
75  78
75  81
75  87
75  93
75  99
75  105
75  111
75  219
75  363
75  507
76  77
76  78
76  82
76  88
76  94
76  100
76  106
76  112
76  220
76  364
76  508
77  78
77  83
77  89
77  95
77  101
77  107
77  113
77  221
77  365
77  509
78  84
78  90
78  96
78  102
78  108
78  114
78  222
78  366
78  510
79  80
79  81
79  82
79  83
79  84
79  85
79  91
79  97
79  103
79  115
79  223
79  367
79  511
80  81
80  82
80  83
80  84
80  86
80  92
80  98
80  104
80  116
80  224
80  368
80  512
81  82
81  83
81  84
81  87
81  93
81  99
81  105
81  117
81  225
81  369
81  513
82  83
82  84
82  88
82  94
82  100
82  106
82  118
82  226
82  370
82  514
83  84
83  89
83  95
83  101
83  107
83  119
83  227
83  371
83  515
84  90
84  96
84  102
84  108
84  120
84  228
84  372
84  516
85  86
85  87
85  88
85  89
85  90
85  91
85  97
85  103
85  121
85  229
85  373
85  517
86  87
86  88
86  89
86  90
86  92
86  98
86  104
86  122
86  230
86  374
86  518
87  88
87  89
87  90
87  93
87  99
87  105
87  123
87  231
87  375
87  519
88  89
88  90
88  94
88  100
88  106
88  124
88  232
88  376
88  520
89  90
89  95
89  101
89  107
89  125
89  233
89  377
89  521
90  96
90  102
90  108
90  126
90  234
90  378
90  522
91  92
91  93
91  94
91  95
91  96
91  97
91  103
91  127
91  235
91  379
91  523
92  93
92  94
92  95
92  96
92  98
92  104
92  128
92  236
92  380
92  524
93  94
93  95
93  96
93  99
93  105
93  129
93  237
93  381
93  525
94  95
94  96
94  100
94  106
94  130
94  238
94  382
94  526
95  96
95  101
95  107
95  131
95  239
95  383
95  527
96  102
96  108
96  132
96  240
96  384
96  528
97  98
97  99
97  100
97  101
97  102
97  103
97  133
97  241
97  385
97  529
98  99
98  100
98  101
98  102
98  104
98  134
98  242
98  386
98  530
99  100
99  101
99  102
99  105
99  135
99  243
99  387
99  531
100  101
100  102
100  106
100  136
100  244
100  388
100  532
101  102
101  107
101  137
101  245
101  389
101  533
102  108
102  138
102  246
102  390
102  534
103  104
103  105
103  106
103  107
103  108
103  139
103  247
103  391
103  535
104  105
104  106
104  107
104  108
104  140
104  248
104  392
104  536
105  106
105  107
105  108
105  141
105  249
105  393
105  537
106  107
106  108
106  142
106  250
106  394
106  538
107  108
107  143
107  251
107  395
107  539
108  144
108  252
108  396
108  540
109  110
109  111
109  112
109  113
109  114
109  115
109  121
109  127
109  133
109  139
109  253
109  397
109  541
110  111
110  112
110  113
110  114
110  116
110  122
110  128
110  134
110  140
110  254
110  398
110  542
111  112
111  113
111  114
111  117
111  123
111  129
111  135
111  141
111  255
111  399
111  543
112  113
112  114
112  118
112  124
112  130
112  136
112  142
112  256
112  400
112  544
113  114
113  119
113  125
113  131
113  137
113  143
113  257
113  401
113  545
114  120
114  126
114  132
114  138
114  144
114  258
114  402
114  546
115  116
115  117
115  118
115  119
115  120
115  121
115  127
115  133
115  139
115  259
115  403
115  547
116  117
116  118
116  119
116  120
116  122
116  128
116  134
116  140
116  260
116  404
116  548
117  118
117  119
117  120
117  123
117  129
117  135
117  141
117  261
117  405
117  549
118  119
118  120
118  124
118  130
118  136
118  142
118  262
118  406
118  550
119  120
119  125
119  131
119  137
119  143
119  263
119  407
119  551
120  126
120  132
120  138
120  144
120  264
120  408
120  552
121  122
121  123
121  124
121  125
121  126
121  127
121  133
121  139
121  265
121  409
121  553
122  123
122  124
122  125
122  126
122  128
122  134
122  140
122  266
122  410
122  554
123  124
123  125
123  126
123  129
123  135
123  141
123  267
123  411
123  555
124  125
124  126
124  130
124  136
124  142
124  268
124  412
124  556
125  126
125  131
125  137
125  143
125  269
125  413
125  557
126  132
126  138
126  144
126  270
126  414
126  558
127  128
127  129
127  130
127  131
127  132
127  133
127  139
127  271
127  415
127  559
128  129
128  130
128  131
128  132
128  134
128  140
128  272
128  416
128  560
129  130
129  131
129  132
129  135
129  141
129  273
129  417
129  561
130  131
130  132
130  136
130  142
130  274
130  418
130  562
131  132
131  137
131  143
131  275
131  419
131  563
132  138
132  144
132  276
132  420
132  564
133  134
133  135
133  136
133  137
133  138
133  139
133  277
133  421
133  565
134  135
134  136
134  137
134  138
134  140
134  278
134  422
134  566
135  136
135  137
135  138
135  141
135  279
135  423
135  567
136  137
136  138
136  142
136  280
136  424
136  568
137  138
137  143
137  281
137  425
137  569
138  144
138  282
138  426
138  570
139  140
139  141
139  142
139  143
139  144
139  283
139  427
139  571
140  141
140  142
140  143
140  144
140  284
140  428
140  572
141  142
141  143
141  144
141  285
141  429
141  573
142  143
142  144
142  286
142  430
142  574
143  144
143  287
143  431
143  575
144  288
144  432
144  576
145  146
145  147
145  148
145  149
145  150
145  151
145  157
145  163
145  169
145  175
145  181
145  217
145  253
145  289
145  577
146  147
146  148
146  149
146  150
146  152
146  158
146  164
146  170
146  176
146  182
146  218
146  254
146  290
146  578
147  148
147  149
147  150
147  153
147  159
147  165
147  171
147  177
147  183
147  219
147  255
147  291
147  579
148  149
148  150
148  154
148  160
148  166
148  172
148  178
148  184
148  220
148  256
148  292
148  580
149  150
149  155
149  161
149  167
149  173
149  179
149  185
149  221
149  257
149  293
149  581
150  156
150  162
150  168
150  174
150  180
150  186
150  222
150  258
150  294
150  582
151  152
151  153
151  154
151  155
151  156
151  157
151  163
151  169
151  175
151  187
151  223
151  259
151  295
151  583
152  153
152  154
152  155
152  156
152  158
152  164
152  170
152  176
152  188
152  224
152  260
152  296
152  584
153  154
153  155
153  156
153  159
153  165
153  171
153  177
153  189
153  225
153  261
153  297
153  585
154  155
154  156
154  160
154  166
154  172
154  178
154  190
154  226
154  262
154  298
154  586
155  156
155  161
155  167
155  173
155  179
155  191
155  227
155  263
155  299
155  587
156  162
156  168
156  174
156  180
156  192
156  228
156  264
156  300
156  588
157  158
157  159
157  160
157  161
157  162
157  163
157  169
157  175
157  193
157  229
157  265
157  301
157  589
158  159
158  160
158  161
158  162
158  164
158  170
158  176
158  194
158  230
158  266
158  302
158  590
159  160
159  161
159  162
159  165
159  171
159  177
159  195
159  231
159  267
159  303
159  591
160  161
160  162
160  166
160  172
160  178
160  196
160  232
160  268
160  304
160  592
161  162
161  167
161  173
161  179
161  197
161  233
161  269
161  305
161  593
162  168
162  174
162  180
162  198
162  234
162  270
162  306
162  594
163  164
163  165
163  166
163  167
163  168
163  169
163  175
163  199
163  235
163  271
163  307
163  595
164  165
164  166
164  167
164  168
164  170
164  176
164  200
164  236
164  272
164  308
164  596
165  166
165  167
165  168
165  171
165  177
165  201
165  237
165  273
165  309
165  597
166  167
166  168
166  172
166  178
166  202
166  238
166  274
166  310
166  598
167  168
167  173
167  179
167  203
167  239
167  275
167  311
167  599
168  174
168  180
168  204
168  240
168  276
168  312
168  600
169  170
169  171
169  172
169  173
169  174
169  175
169  205
169  241
169  277
169  313
169  601
170  171
170  172
170  173
170  174
170  176
170  206
170  242
170  278
170  314
170  602
171  172
171  173
171  174
171  177
171  207
171  243
171  279
171  315
171  603
172  173
172  174
172  178
172  208
172  244
172  280
172  316
172  604
173  174
173  179
173  209
173  245
173  281
173  317
173  605
174  180
174  210
174  246
174  282
174  318
174  606
175  176
175  177
175  178
175  179
175  180
175  211
175  247
175  283
175  319
175  607
176  177
176  178
176  179
176  180
176  212
176  248
176  284
176  320
176  608
177  178
177  179
177  180
177  213
177  249
177  285
177  321
177  609
178  179
178  180
178  214
178  250
178  286
178  322
178  610
179  180
179  215
179  251
179  287
179  323
179  611
180  216
180  252
180  288
180  324
180  612
181  182
181  183
181  184
181  185
181  186
181  187
181  193
181  199
181  205
181  211
181  217
181  253
181  325
181  613
182  183
182  184
182  185
182  186
182  188
182  194
182  200
182  206
182  212
182  218
182  254
182  326
182  614
183  184
183  185
183  186
183  189
183  195
183  201
183  207
183  213
183  219
183  255
183  327
183  615
184  185
184  186
184  190
184  196
184  202
184  208
184  214
184  220
184  256
184  328
184  616
185  186
185  191
185  197
185  203
185  209
185  215
185  221
185  257
185  329
185  617
186  192
186  198
186  204
186  210
186  216
186  222
186  258
186  330
186  618
187  188
187  189
187  190
187  191
187  192
187  193
187  199
187  205
187  211
187  223
187  259
187  331
187  619
188  189
188  190
188  191
188  192
188  194
188  200
188  206
188  212
188  224
188  260
188  332
188  620
189  190
189  191
189  192
189  195
189  201
189  207
189  213
189  225
189  261
189  333
189  621
190  191
190  192
190  196
190  202
190  208
190  214
190  226
190  262
190  334
190  622
191  192
191  197
191  203
191  209
191  215
191  227
191  263
191  335
191  623
192  198
192  204
192  210
192  216
192  228
192  264
192  336
192  624
193  194
193  195
193  196
193  197
193  198
193  199
193  205
193  211
193  229
193  265
193  337
193  625
194  195
194  196
194  197
194  198
194  200
194  206
194  212
194  230
194  266
194  338
194  626
195  196
195  197
195  198
195  201
195  207
195  213
195  231
195  267
195  339
195  627
196  197
196  198
196  202
196  208
196  214
196  232
196  268
196  340
196  628
197  198
197  203
197  209
197  215
197  233
197  269
197  341
197  629
198  204
198  210
198  216
198  234
198  270
198  342
198  630
199  200
199  201
199  202
199  203
199  204
199  205
199  211
199  235
199  271
199  343
199  631
200  201
200  202
200  203
200  204
200  206
200  212
200  236
200  272
200  344
200  632
201  202
201  203
201  204
201  207
201  213
201  237
201  273
201  345
201  633
202  203
202  204
202  208
202  214
202  238
202  274
202  346
202  634
203  204
203  209
203  215
203  239
203  275
203  347
203  635
204  210
204  216
204  240
204  276
204  348
204  636
205  206
205  207
205  208
205  209
205  210
205  211
205  241
205  277
205  349
205  637
206  207
206  208
206  209
206  210
206  212
206  242
206  278
206  350
206  638
207  208
207  209
207  210
207  213
207  243
207  279
207  351
207  639
208  209
208  210
208  214
208  244
208  280
208  352
208  640
209  210
209  215
209  245
209  281
209  353
209  641
210  216
210  246
210  282
210  354
210  642
211  212
211  213
211  214
211  215
211  216
211  247
211  283
211  355
211  643
212  213
212  214
212  215
212  216
212  248
212  284
212  356
212  644
213  214
213  215
213  216
213  249
213  285
213  357
213  645
214  215
214  216
214  250
214  286
214  358
214  646
215  216
215  251
215  287
215  359
215  647
216  252
216  288
216  360
216  648
217  218
217  219
217  220
217  221
217  222
217  223
217  229
217  235
217  241
217  247
217  253
217  361
217  649
218  219
218  220
218  221
218  222
218  224
218  230
218  236
218  242
218  248
218  254
218  362
218  650
219  220
219  221
219  222
219  225
219  231
219  237
219  243
219  249
219  255
219  363
219  651
220  221
220  222
220  226
220  232
220  238
220  244
220  250
220  256
220  364
220  652
221  222
221  227
221  233
221  239
221  245
221  251
221  257
221  365
221  653
222  228
222  234
222  240
222  246
222  252
222  258
222  366
222  654
223  224
223  225
223  226
223  227
223  228
223  229
223  235
223  241
223  247
223  259
223  367
223  655
224  225
224  226
224  227
224  228
224  230
224  236
224  242
224  248
224  260
224  368
224  656
225  226
225  227
225  228
225  231
225  237
225  243
225  249
225  261
225  369
225  657
226  227
226  228
226  232
226  238
226  244
226  250
226  262
226  370
226  658
227  228
227  233
227  239
227  245
227  251
227  263
227  371
227  659
228  234
228  240
228  246
228  252
228  264
228  372
228  660
229  230
229  231
229  232
229  233
229  234
229  235
229  241
229  247
229  265
229  373
229  661
230  231
230  232
230  233
230  234
230  236
230  242
230  248
230  266
230  374
230  662
231  232
231  233
231  234
231  237
231  243
231  249
231  267
231  375
231  663
232  233
232  234
232  238
232  244
232  250
232  268
232  376
232  664
233  234
233  239
233  245
233  251
233  269
233  377
233  665
234  240
234  246
234  252
234  270
234  378
234  666
235  236
235  237
235  238
235  239
235  240
235  241
235  247
235  271
235  379
235  667
236  237
236  238
236  239
236  240
236  242
236  248
236  272
236  380
236  668
237  238
237  239
237  240
237  243
237  249
237  273
237  381
237  669
238  239
238  240
238  244
238  250
238  274
238  382
238  670
239  240
239  245
239  251
239  275
239  383
239  671
240  246
240  252
240  276
240  384
240  672
241  242
241  243
241  244
241  245
241  246
241  247
241  277
241  385
241  673
242  243
242  244
242  245
242  246
242  248
242  278
242  386
242  674
243  244
243  245
243  246
243  249
243  279
243  387
243  675
244  245
244  246
244  250
244  280
244  388
244  676
245  246
245  251
245  281
245  389
245  677
246  252
246  282
246  390
246  678
247  248
247  249
247  250
247  251
247  252
247  283
247  391
247  679
248  249
248  250
248  251
248  252
248  284
248  392
248  680
249  250
249  251
249  252
249  285
249  393
249  681
250  251
250  252
250  286
250  394
250  682
251  252
251  287
251  395
251  683
252  288
252  396
252  684
253  254
253  255
253  256
253  257
253  258
253  259
253  265
253  271
253  277
253  283
253  397
253  685
254  255
254  256
254  257
254  258
254  260
254  266
254  272
254  278
254  284
254  398
254  686
255  256
255  257
255  258
255  261
255  267
255  273
255  279
255  285
255  399
255  687
256  257
256  258
256  262
256  268
256  274
256  280
256  286
256  400
256  688
257  258
257  263
257  269
257  275
257  281
257  287
257  401
257  689
258  264
258  270
258  276
258  282
258  288
258  402
258  690
259  260
259  261
259  262
259  263
259  264
259  265
259  271
259  277
259  283
259  403
259  691
260  261
260  262
260  263
260  264
260  266
260  272
260  278
260  284
260  404
260  692
261  262
261  263
261  264
261  267
261  273
261  279
261  285
261  405
261  693
262  263
262  264
262  268
262  274
262  280
262  286
262  406
262  694
263  264
263  269
263  275
263  281
263  287
263  407
263  695
264  270
264  276
264  282
264  288
264  408
264  696
265  266
265  267
265  268
265  269
265  270
265  271
265  277
265  283
265  409
265  697
266  267
266  268
266  269
266  270
266  272
266  278
266  284
266  410
266  698
267  268
267  269
267  270
267  273
267  279
267  285
267  411
267  699
268  269
268  270
268  274
268  280
268  286
268  412
268  700
269  270
269  275
269  281
269  287
269  413
269  701
270  276
270  282
270  288
270  414
270  702
271  272
271  273
271  274
271  275
271  276
271  277
271  283
271  415
271  703
272  273
272  274
272  275
272  276
272  278
272  284
272  416
272  704
273  274
273  275
273  276
273  279
273  285
273  417
273  705
274  275
274  276
274  280
274  286
274  418
274  706
275  276
275  281
275  287
275  419
275  707
276  282
276  288
276  420
276  708
277  278
277  279
277  280
277  281
277  282
277  283
277  421
277  709
278  279
278  280
278  281
278  282
278  284
278  422
278  710
279  280
279  281
279  282
279  285
279  423
279  711
280  281
280  282
280  286
280  424
280  712
281  282
281  287
281  425
281  713
282  288
282  426
282  714
283  284
283  285
283  286
283  287
283  288
283  427
283  715
284  285
284  286
284  287
284  288
284  428
284  716
285  286
285  287
285  288
285  429
285  717
286  287
286  288
286  430
286  718
287  288
287  431
287  719
288  432
288  720
289  290
289  291
289  292
289  293
289  294
289  295
289  301
289  307
289  313
289  319
289  325
289  361
289  397
289  721
290  291
290  292
290  293
290  294
290  296
290  302
290  308
290  314
290  320
290  326
290  362
290  398
290  722
291  292
291  293
291  294
291  297
291  303
291  309
291  315
291  321
291  327
291  363
291  399
291  723
292  293
292  294
292  298
292  304
292  310
292  316
292  322
292  328
292  364
292  400
292  724
293  294
293  299
293  305
293  311
293  317
293  323
293  329
293  365
293  401
293  725
294  300
294  306
294  312
294  318
294  324
294  330
294  366
294  402
294  726
295  296
295  297
295  298
295  299
295  300
295  301
295  307
295  313
295  319
295  331
295  367
295  403
295  727
296  297
296  298
296  299
296  300
296  302
296  308
296  314
296  320
296  332
296  368
296  404
296  728
297  298
297  299
297  300
297  303
297  309
297  315
297  321
297  333
297  369
297  405
297  729
298  299
298  300
298  304
298  310
298  316
298  322
298  334
298  370
298  406
298  730
299  300
299  305
299  311
299  317
299  323
299  335
299  371
299  407
299  731
300  306
300  312
300  318
300  324
300  336
300  372
300  408
300  732
301  302
301  303
301  304
301  305
301  306
301  307
301  313
301  319
301  337
301  373
301  409
301  733
302  303
302  304
302  305
302  306
302  308
302  314
302  320
302  338
302  374
302  410
302  734
303  304
303  305
303  306
303  309
303  315
303  321
303  339
303  375
303  411
303  735
304  305
304  306
304  310
304  316
304  322
304  340
304  376
304  412
304  736
305  306
305  311
305  317
305  323
305  341
305  377
305  413
305  737
306  312
306  318
306  324
306  342
306  378
306  414
306  738
307  308
307  309
307  310
307  311
307  312
307  313
307  319
307  343
307  379
307  415
307  739
308  309
308  310
308  311
308  312
308  314
308  320
308  344
308  380
308  416
308  740
309  310
309  311
309  312
309  315
309  321
309  345
309  381
309  417
309  741
310  311
310  312
310  316
310  322
310  346
310  382
310  418
310  742
311  312
311  317
311  323
311  347
311  383
311  419
311  743
312  318
312  324
312  348
312  384
312  420
312  744
313  314
313  315
313  316
313  317
313  318
313  319
313  349
313  385
313  421
313  745
314  315
314  316
314  317
314  318
314  320
314  350
314  386
314  422
314  746
315  316
315  317
315  318
315  321
315  351
315  387
315  423
315  747
316  317
316  318
316  322
316  352
316  388
316  424
316  748
317  318
317  323
317  353
317  389
317  425
317  749
318  324
318  354
318  390
318  426
318  750
319  320
319  321
319  322
319  323
319  324
319  355
319  391
319  427
319  751
320  321
320  322
320  323
320  324
320  356
320  392
320  428
320  752
321  322
321  323
321  324
321  357
321  393
321  429
321  753
322  323
322  324
322  358
322  394
322  430
322  754
323  324
323  359
323  395
323  431
323  755
324  360
324  396
324  432
324  756
325  326
325  327
325  328
325  329
325  330
325  331
325  337
325  343
325  349
325  355
325  361
325  397
325  757
326  327
326  328
326  329
326  330
326  332
326  338
326  344
326  350
326  356
326  362
326  398
326  758
327  328
327  329
327  330
327  333
327  339
327  345
327  351
327  357
327  363
327  399
327  759
328  329
328  330
328  334
328  340
328  346
328  352
328  358
328  364
328  400
328  760
329  330
329  335
329  341
329  347
329  353
329  359
329  365
329  401
329  761
330  336
330  342
330  348
330  354
330  360
330  366
330  402
330  762
331  332
331  333
331  334
331  335
331  336
331  337
331  343
331  349
331  355
331  367
331  403
331  763
332  333
332  334
332  335
332  336
332  338
332  344
332  350
332  356
332  368
332  404
332  764
333  334
333  335
333  336
333  339
333  345
333  351
333  357
333  369
333  405
333  765
334  335
334  336
334  340
334  346
334  352
334  358
334  370
334  406
334  766
335  336
335  341
335  347
335  353
335  359
335  371
335  407
335  767
336  342
336  348
336  354
336  360
336  372
336  408
336  768
337  338
337  339
337  340
337  341
337  342
337  343
337  349
337  355
337  373
337  409
337  769
338  339
338  340
338  341
338  342
338  344
338  350
338  356
338  374
338  410
338  770
339  340
339  341
339  342
339  345
339  351
339  357
339  375
339  411
339  771
340  341
340  342
340  346
340  352
340  358
340  376
340  412
340  772
341  342
341  347
341  353
341  359
341  377
341  413
341  773
342  348
342  354
342  360
342  378
342  414
342  774
343  344
343  345
343  346
343  347
343  348
343  349
343  355
343  379
343  415
343  775
344  345
344  346
344  347
344  348
344  350
344  356
344  380
344  416
344  776
345  346
345  347
345  348
345  351
345  357
345  381
345  417
345  777
346  347
346  348
346  352
346  358
346  382
346  418
346  778
347  348
347  353
347  359
347  383
347  419
347  779
348  354
348  360
348  384
348  420
348  780
349  350
349  351
349  352
349  353
349  354
349  355
349  385
349  421
349  781
350  351
350  352
350  353
350  354
350  356
350  386
350  422
350  782
351  352
351  353
351  354
351  357
351  387
351  423
351  783
352  353
352  354
352  358
352  388
352  424
352  784
353  354
353  359
353  389
353  425
353  785
354  360
354  390
354  426
354  786
355  356
355  357
355  358
355  359
355  360
355  391
355  427
355  787
356  357
356  358
356  359
356  360
356  392
356  428
356  788
357  358
357  359
357  360
357  393
357  429
357  789
358  359
358  360
358  394
358  430
358  790
359  360
359  395
359  431
359  791
360  396
360  432
360  792
361  362
361  363
361  364
361  365
361  366
361  367
361  373
361  379
361  385
361  391
361  397
361  793
362  363
362  364
362  365
362  366
362  368
362  374
362  380
362  386
362  392
362  398
362  794
363  364
363  365
363  366
363  369
363  375
363  381
363  387
363  393
363  399
363  795
364  365
364  366
364  370
364  376
364  382
364  388
364  394
364  400
364  796
365  366
365  371
365  377
365  383
365  389
365  395
365  401
365  797
366  372
366  378
366  384
366  390
366  396
366  402
366  798
367  368
367  369
367  370
367  371
367  372
367  373
367  379
367  385
367  391
367  403
367  799
368  369
368  370
368  371
368  372
368  374
368  380
368  386
368  392
368  404
368  800
369  370
369  371
369  372
369  375
369  381
369  387
369  393
369  405
369  801
370  371
370  372
370  376
370  382
370  388
370  394
370  406
370  802
371  372
371  377
371  383
371  389
371  395
371  407
371  803
372  378
372  384
372  390
372  396
372  408
372  804
373  374
373  375
373  376
373  377
373  378
373  379
373  385
373  391
373  409
373  805
374  375
374  376
374  377
374  378
374  380
374  386
374  392
374  410
374  806
375  376
375  377
375  378
375  381
375  387
375  393
375  411
375  807
376  377
376  378
376  382
376  388
376  394
376  412
376  808
377  378
377  383
377  389
377  395
377  413
377  809
378  384
378  390
378  396
378  414
378  810
379  380
379  381
379  382
379  383
379  384
379  385
379  391
379  415
379  811
380  381
380  382
380  383
380  384
380  386
380  392
380  416
380  812
381  382
381  383
381  384
381  387
381  393
381  417
381  813
382  383
382  384
382  388
382  394
382  418
382  814
383  384
383  389
383  395
383  419
383  815
384  390
384  396
384  420
384  816
385  386
385  387
385  388
385  389
385  390
385  391
385  421
385  817
386  387
386  388
386  389
386  390
386  392
386  422
386  818
387  388
387  389
387  390
387  393
387  423
387  819
388  389
388  390
388  394
388  424
388  820
389  390
389  395
389  425
389  821
390  396
390  426
390  822
391  392
391  393
391  394
391  395
391  396
391  427
391  823
392  393
392  394
392  395
392  396
392  428
392  824
393  394
393  395
393  396
393  429
393  825
394  395
394  396
394  430
394  826
395  396
395  431
395  827
396  432
396  828
397  398
397  399
397  400
397  401
397  402
397  403
397  409
397  415
397  421
397  427
397  829
398  399
398  400
398  401
398  402
398  404
398  410
398  416
398  422
398  428
398  830
399  400
399  401
399  402
399  405
399  411
399  417
399  423
399  429
399  831
400  401
400  402
400  406
400  412
400  418
400  424
400  430
400  832
401  402
401  407
401  413
401  419
401  425
401  431
401  833
402  408
402  414
402  420
402  426
402  432
402  834
403  404
403  405
403  406
403  407
403  408
403  409
403  415
403  421
403  427
403  835
404  405
404  406
404  407
404  408
404  410
404  416
404  422
404  428
404  836
405  406
405  407
405  408
405  411
405  417
405  423
405  429
405  837
406  407
406  408
406  412
406  418
406  424
406  430
406  838
407  408
407  413
407  419
407  425
407  431
407  839
408  414
408  420
408  426
408  432
408  840
409  410
409  411
409  412
409  413
409  414
409  415
409  421
409  427
409  841
410  411
410  412
410  413
410  414
410  416
410  422
410  428
410  842
411  412
411  413
411  414
411  417
411  423
411  429
411  843
412  413
412  414
412  418
412  424
412  430
412  844
413  414
413  419
413  425
413  431
413  845
414  420
414  426
414  432
414  846
415  416
415  417
415  418
415  419
415  420
415  421
415  427
415  847
416  417
416  418
416  419
416  420
416  422
416  428
416  848
417  418
417  419
417  420
417  423
417  429
417  849
418  419
418  420
418  424
418  430
418  850
419  420
419  425
419  431
419  851
420  426
420  432
420  852
421  422
421  423
421  424
421  425
421  426
421  427
421  853
422  423
422  424
422  425
422  426
422  428
422  854
423  424
423  425
423  426
423  429
423  855
424  425
424  426
424  430
424  856
425  426
425  431
425  857
426  432
426  858
427  428
427  429
427  430
427  431
427  432
427  859
428  429
428  430
428  431
428  432
428  860
429  430
429  431
429  432
429  861
430  431
430  432
430  862
431  432
431  863
432  864
433  434
433  435
433  436
433  437
433  438
433  439
433  445
433  451
433  457
433  463
433  469
433  505
433  541
433  577
433  721
434  435
434  436
434  437
434  438
434  440
434  446
434  452
434  458
434  464
434  470
434  506
434  542
434  578
434  722
435  436
435  437
435  438
435  441
435  447
435  453
435  459
435  465
435  471
435  507
435  543
435  579
435  723
436  437
436  438
436  442
436  448
436  454
436  460
436  466
436  472
436  508
436  544
436  580
436  724
437  438
437  443
437  449
437  455
437  461
437  467
437  473
437  509
437  545
437  581
437  725
438  444
438  450
438  456
438  462
438  468
438  474
438  510
438  546
438  582
438  726
439  440
439  441
439  442
439  443
439  444
439  445
439  451
439  457
439  463
439  475
439  511
439  547
439  583
439  727
440  441
440  442
440  443
440  444
440  446
440  452
440  458
440  464
440  476
440  512
440  548
440  584
440  728
441  442
441  443
441  444
441  447
441  453
441  459
441  465
441  477
441  513
441  549
441  585
441  729
442  443
442  444
442  448
442  454
442  460
442  466
442  478
442  514
442  550
442  586
442  730
443  444
443  449
443  455
443  461
443  467
443  479
443  515
443  551
443  587
443  731
444  450
444  456
444  462
444  468
444  480
444  516
444  552
444  588
444  732
445  446
445  447
445  448
445  449
445  450
445  451
445  457
445  463
445  481
445  517
445  553
445  589
445  733
446  447
446  448
446  449
446  450
446  452
446  458
446  464
446  482
446  518
446  554
446  590
446  734
447  448
447  449
447  450
447  453
447  459
447  465
447  483
447  519
447  555
447  591
447  735
448  449
448  450
448  454
448  460
448  466
448  484
448  520
448  556
448  592
448  736
449  450
449  455
449  461
449  467
449  485
449  521
449  557
449  593
449  737
450  456
450  462
450  468
450  486
450  522
450  558
450  594
450  738
451  452
451  453
451  454
451  455
451  456
451  457
451  463
451  487
451  523
451  559
451  595
451  739
452  453
452  454
452  455
452  456
452  458
452  464
452  488
452  524
452  560
452  596
452  740
453  454
453  455
453  456
453  459
453  465
453  489
453  525
453  561
453  597
453  741
454  455
454  456
454  460
454  466
454  490
454  526
454  562
454  598
454  742
455  456
455  461
455  467
455  491
455  527
455  563
455  599
455  743
456  462
456  468
456  492
456  528
456  564
456  600
456  744
457  458
457  459
457  460
457  461
457  462
457  463
457  493
457  529
457  565
457  601
457  745
458  459
458  460
458  461
458  462
458  464
458  494
458  530
458  566
458  602
458  746
459  460
459  461
459  462
459  465
459  495
459  531
459  567
459  603
459  747
460  461
460  462
460  466
460  496
460  532
460  568
460  604
460  748
461  462
461  467
461  497
461  533
461  569
461  605
461  749
462  468
462  498
462  534
462  570
462  606
462  750
463  464
463  465
463  466
463  467
463  468
463  499
463  535
463  571
463  607
463  751
464  465
464  466
464  467
464  468
464  500
464  536
464  572
464  608
464  752
465  466
465  467
465  468
465  501
465  537
465  573
465  609
465  753
466  467
466  468
466  502
466  538
466  574
466  610
466  754
467  468
467  503
467  539
467  575
467  611
467  755
468  504
468  540
468  576
468  612
468  756
469  470
469  471
469  472
469  473
469  474
469  475
469  481
469  487
469  493
469  499
469  505
469  541
469  613
469  757
470  471
470  472
470  473
470  474
470  476
470  482
470  488
470  494
470  500
470  506
470  542
470  614
470  758
471  472
471  473
471  474
471  477
471  483
471  489
471  495
471  501
471  507
471  543
471  615
471  759
472  473
472  474
472  478
472  484
472  490
472  496
472  502
472  508
472  544
472  616
472  760
473  474
473  479
473  485
473  491
473  497
473  503
473  509
473  545
473  617
473  761
474  480
474  486
474  492
474  498
474  504
474  510
474  546
474  618
474  762
475  476
475  477
475  478
475  479
475  480
475  481
475  487
475  493
475  499
475  511
475  547
475  619
475  763
476  477
476  478
476  479
476  480
476  482
476  488
476  494
476  500
476  512
476  548
476  620
476  764
477  478
477  479
477  480
477  483
477  489
477  495
477  501
477  513
477  549
477  621
477  765
478  479
478  480
478  484
478  490
478  496
478  502
478  514
478  550
478  622
478  766
479  480
479  485
479  491
479  497
479  503
479  515
479  551
479  623
479  767
480  486
480  492
480  498
480  504
480  516
480  552
480  624
480  768
481  482
481  483
481  484
481  485
481  486
481  487
481  493
481  499
481  517
481  553
481  625
481  769
482  483
482  484
482  485
482  486
482  488
482  494
482  500
482  518
482  554
482  626
482  770
483  484
483  485
483  486
483  489
483  495
483  501
483  519
483  555
483  627
483  771
484  485
484  486
484  490
484  496
484  502
484  520
484  556
484  628
484  772
485  486
485  491
485  497
485  503
485  521
485  557
485  629
485  773
486  492
486  498
486  504
486  522
486  558
486  630
486  774
487  488
487  489
487  490
487  491
487  492
487  493
487  499
487  523
487  559
487  631
487  775
488  489
488  490
488  491
488  492
488  494
488  500
488  524
488  560
488  632
488  776
489  490
489  491
489  492
489  495
489  501
489  525
489  561
489  633
489  777
490  491
490  492
490  496
490  502
490  526
490  562
490  634
490  778
491  492
491  497
491  503
491  527
491  563
491  635
491  779
492  498
492  504
492  528
492  564
492  636
492  780
493  494
493  495
493  496
493  497
493  498
493  499
493  529
493  565
493  637
493  781
494  495
494  496
494  497
494  498
494  500
494  530
494  566
494  638
494  782
495  496
495  497
495  498
495  501
495  531
495  567
495  639
495  783
496  497
496  498
496  502
496  532
496  568
496  640
496  784
497  498
497  503
497  533
497  569
497  641
497  785
498  504
498  534
498  570
498  642
498  786
499  500
499  501
499  502
499  503
499  504
499  535
499  571
499  643
499  787
500  501
500  502
500  503
500  504
500  536
500  572
500  644
500  788
501  502
501  503
501  504
501  537
501  573
501  645
501  789
502  503
502  504
502  538
502  574
502  646
502  790
503  504
503  539
503  575
503  647
503  791
504  540
504  576
504  648
504  792
505  506
505  507
505  508
505  509
505  510
505  511
505  517
505  523
505  529
505  535
505  541
505  649
505  793
506  507
506  508
506  509
506  510
506  512
506  518
506  524
506  530
506  536
506  542
506  650
506  794
507  508
507  509
507  510
507  513
507  519
507  525
507  531
507  537
507  543
507  651
507  795
508  509
508  510
508  514
508  520
508  526
508  532
508  538
508  544
508  652
508  796
509  510
509  515
509  521
509  527
509  533
509  539
509  545
509  653
509  797
510  516
510  522
510  528
510  534
510  540
510  546
510  654
510  798
511  512
511  513
511  514
511  515
511  516
511  517
511  523
511  529
511  535
511  547
511  655
511  799
512  513
512  514
512  515
512  516
512  518
512  524
512  530
512  536
512  548
512  656
512  800
513  514
513  515
513  516
513  519
513  525
513  531
513  537
513  549
513  657
513  801
514  515
514  516
514  520
514  526
514  532
514  538
514  550
514  658
514  802
515  516
515  521
515  527
515  533
515  539
515  551
515  659
515  803
516  522
516  528
516  534
516  540
516  552
516  660
516  804
517  518
517  519
517  520
517  521
517  522
517  523
517  529
517  535
517  553
517  661
517  805
518  519
518  520
518  521
518  522
518  524
518  530
518  536
518  554
518  662
518  806
519  520
519  521
519  522
519  525
519  531
519  537
519  555
519  663
519  807
520  521
520  522
520  526
520  532
520  538
520  556
520  664
520  808
521  522
521  527
521  533
521  539
521  557
521  665
521  809
522  528
522  534
522  540
522  558
522  666
522  810
523  524
523  525
523  526
523  527
523  528
523  529
523  535
523  559
523  667
523  811
524  525
524  526
524  527
524  528
524  530
524  536
524  560
524  668
524  812
525  526
525  527
525  528
525  531
525  537
525  561
525  669
525  813
526  527
526  528
526  532
526  538
526  562
526  670
526  814
527  528
527  533
527  539
527  563
527  671
527  815
528  534
528  540
528  564
528  672
528  816
529  530
529  531
529  532
529  533
529  534
529  535
529  565
529  673
529  817
530  531
530  532
530  533
530  534
530  536
530  566
530  674
530  818
531  532
531  533
531  534
531  537
531  567
531  675
531  819
532  533
532  534
532  538
532  568
532  676
532  820
533  534
533  539
533  569
533  677
533  821
534  540
534  570
534  678
534  822
535  536
535  537
535  538
535  539
535  540
535  571
535  679
535  823
536  537
536  538
536  539
536  540
536  572
536  680
536  824
537  538
537  539
537  540
537  573
537  681
537  825
538  539
538  540
538  574
538  682
538  826
539  540
539  575
539  683
539  827
540  576
540  684
540  828
541  542
541  543
541  544
541  545
541  546
541  547
541  553
541  559
541  565
541  571
541  685
541  829
542  543
542  544
542  545
542  546
542  548
542  554
542  560
542  566
542  572
542  686
542  830
543  544
543  545
543  546
543  549
543  555
543  561
543  567
543  573
543  687
543  831
544  545
544  546
544  550
544  556
544  562
544  568
544  574
544  688
544  832
545  546
545  551
545  557
545  563
545  569
545  575
545  689
545  833
546  552
546  558
546  564
546  570
546  576
546  690
546  834
547  548
547  549
547  550
547  551
547  552
547  553
547  559
547  565
547  571
547  691
547  835
548  549
548  550
548  551
548  552
548  554
548  560
548  566
548  572
548  692
548  836
549  550
549  551
549  552
549  555
549  561
549  567
549  573
549  693
549  837
550  551
550  552
550  556
550  562
550  568
550  574
550  694
550  838
551  552
551  557
551  563
551  569
551  575
551  695
551  839
552  558
552  564
552  570
552  576
552  696
552  840
553  554
553  555
553  556
553  557
553  558
553  559
553  565
553  571
553  697
553  841
554  555
554  556
554  557
554  558
554  560
554  566
554  572
554  698
554  842
555  556
555  557
555  558
555  561
555  567
555  573
555  699
555  843
556  557
556  558
556  562
556  568
556  574
556  700
556  844
557  558
557  563
557  569
557  575
557  701
557  845
558  564
558  570
558  576
558  702
558  846
559  560
559  561
559  562
559  563
559  564
559  565
559  571
559  703
559  847
560  561
560  562
560  563
560  564
560  566
560  572
560  704
560  848
561  562
561  563
561  564
561  567
561  573
561  705
561  849
562  563
562  564
562  568
562  574
562  706
562  850
563  564
563  569
563  575
563  707
563  851
564  570
564  576
564  708
564  852
565  566
565  567
565  568
565  569
565  570
565  571
565  709
565  853
566  567
566  568
566  569
566  570
566  572
566  710
566  854
567  568
567  569
567  570
567  573
567  711
567  855
568  569
568  570
568  574
568  712
568  856
569  570
569  575
569  713
569  857
570  576
570  714
570  858
571  572
571  573
571  574
571  575
571  576
571  715
571  859
572  573
572  574
572  575
572  576
572  716
572  860
573  574
573  575
573  576
573  717
573  861
574  575
574  576
574  718
574  862
575  576
575  719
575  863
576  720
576  864
577  578
577  579
577  580
577  581
577  582
577  583
577  589
577  595
577  601
577  607
577  613
577  649
577  685
577  721
578  579
578  580
578  581
578  582
578  584
578  590
578  596
578  602
578  608
578  614
578  650
578  686
578  722
579  580
579  581
579  582
579  585
579  591
579  597
579  603
579  609
579  615
579  651
579  687
579  723
580  581
580  582
580  586
580  592
580  598
580  604
580  610
580  616
580  652
580  688
580  724
581  582
581  587
581  593
581  599
581  605
581  611
581  617
581  653
581  689
581  725
582  588
582  594
582  600
582  606
582  612
582  618
582  654
582  690
582  726
583  584
583  585
583  586
583  587
583  588
583  589
583  595
583  601
583  607
583  619
583  655
583  691
583  727
584  585
584  586
584  587
584  588
584  590
584  596
584  602
584  608
584  620
584  656
584  692
584  728
585  586
585  587
585  588
585  591
585  597
585  603
585  609
585  621
585  657
585  693
585  729
586  587
586  588
586  592
586  598
586  604
586  610
586  622
586  658
586  694
586  730
587  588
587  593
587  599
587  605
587  611
587  623
587  659
587  695
587  731
588  594
588  600
588  606
588  612
588  624
588  660
588  696
588  732
589  590
589  591
589  592
589  593
589  594
589  595
589  601
589  607
589  625
589  661
589  697
589  733
590  591
590  592
590  593
590  594
590  596
590  602
590  608
590  626
590  662
590  698
590  734
591  592
591  593
591  594
591  597
591  603
591  609
591  627
591  663
591  699
591  735
592  593
592  594
592  598
592  604
592  610
592  628
592  664
592  700
592  736
593  594
593  599
593  605
593  611
593  629
593  665
593  701
593  737
594  600
594  606
594  612
594  630
594  666
594  702
594  738
595  596
595  597
595  598
595  599
595  600
595  601
595  607
595  631
595  667
595  703
595  739
596  597
596  598
596  599
596  600
596  602
596  608
596  632
596  668
596  704
596  740
597  598
597  599
597  600
597  603
597  609
597  633
597  669
597  705
597  741
598  599
598  600
598  604
598  610
598  634
598  670
598  706
598  742
599  600
599  605
599  611
599  635
599  671
599  707
599  743
600  606
600  612
600  636
600  672
600  708
600  744
601  602
601  603
601  604
601  605
601  606
601  607
601  637
601  673
601  709
601  745
602  603
602  604
602  605
602  606
602  608
602  638
602  674
602  710
602  746
603  604
603  605
603  606
603  609
603  639
603  675
603  711
603  747
604  605
604  606
604  610
604  640
604  676
604  712
604  748
605  606
605  611
605  641
605  677
605  713
605  749
606  612
606  642
606  678
606  714
606  750
607  608
607  609
607  610
607  611
607  612
607  643
607  679
607  715
607  751
608  609
608  610
608  611
608  612
608  644
608  680
608  716
608  752
609  610
609  611
609  612
609  645
609  681
609  717
609  753
610  611
610  612
610  646
610  682
610  718
610  754
611  612
611  647
611  683
611  719
611  755
612  648
612  684
612  720
612  756
613  614
613  615
613  616
613  617
613  618
613  619
613  625
613  631
613  637
613  643
613  649
613  685
613  757
614  615
614  616
614  617
614  618
614  620
614  626
614  632
614  638
614  644
614  650
614  686
614  758
615  616
615  617
615  618
615  621
615  627
615  633
615  639
615  645
615  651
615  687
615  759
616  617
616  618
616  622
616  628
616  634
616  640
616  646
616  652
616  688
616  760
617  618
617  623
617  629
617  635
617  641
617  647
617  653
617  689
617  761
618  624
618  630
618  636
618  642
618  648
618  654
618  690
618  762
619  620
619  621
619  622
619  623
619  624
619  625
619  631
619  637
619  643
619  655
619  691
619  763
620  621
620  622
620  623
620  624
620  626
620  632
620  638
620  644
620  656
620  692
620  764
621  622
621  623
621  624
621  627
621  633
621  639
621  645
621  657
621  693
621  765
622  623
622  624
622  628
622  634
622  640
622  646
622  658
622  694
622  766
623  624
623  629
623  635
623  641
623  647
623  659
623  695
623  767
624  630
624  636
624  642
624  648
624  660
624  696
624  768
625  626
625  627
625  628
625  629
625  630
625  631
625  637
625  643
625  661
625  697
625  769
626  627
626  628
626  629
626  630
626  632
626  638
626  644
626  662
626  698
626  770
627  628
627  629
627  630
627  633
627  639
627  645
627  663
627  699
627  771
628  629
628  630
628  634
628  640
628  646
628  664
628  700
628  772
629  630
629  635
629  641
629  647
629  665
629  701
629  773
630  636
630  642
630  648
630  666
630  702
630  774
631  632
631  633
631  634
631  635
631  636
631  637
631  643
631  667
631  703
631  775
632  633
632  634
632  635
632  636
632  638
632  644
632  668
632  704
632  776
633  634
633  635
633  636
633  639
633  645
633  669
633  705
633  777
634  635
634  636
634  640
634  646
634  670
634  706
634  778
635  636
635  641
635  647
635  671
635  707
635  779
636  642
636  648
636  672
636  708
636  780
637  638
637  639
637  640
637  641
637  642
637  643
637  673
637  709
637  781
638  639
638  640
638  641
638  642
638  644
638  674
638  710
638  782
639  640
639  641
639  642
639  645
639  675
639  711
639  783
640  641
640  642
640  646
640  676
640  712
640  784
641  642
641  647
641  677
641  713
641  785
642  648
642  678
642  714
642  786
643  644
643  645
643  646
643  647
643  648
643  679
643  715
643  787
644  645
644  646
644  647
644  648
644  680
644  716
644  788
645  646
645  647
645  648
645  681
645  717
645  789
646  647
646  648
646  682
646  718
646  790
647  648
647  683
647  719
647  791
648  684
648  720
648  792
649  650
649  651
649  652
649  653
649  654
649  655
649  661
649  667
649  673
649  679
649  685
649  793
650  651
650  652
650  653
650  654
650  656
650  662
650  668
650  674
650  680
650  686
650  794
651  652
651  653
651  654
651  657
651  663
651  669
651  675
651  681
651  687
651  795
652  653
652  654
652  658
652  664
652  670
652  676
652  682
652  688
652  796
653  654
653  659
653  665
653  671
653  677
653  683
653  689
653  797
654  660
654  666
654  672
654  678
654  684
654  690
654  798
655  656
655  657
655  658
655  659
655  660
655  661
655  667
655  673
655  679
655  691
655  799
656  657
656  658
656  659
656  660
656  662
656  668
656  674
656  680
656  692
656  800
657  658
657  659
657  660
657  663
657  669
657  675
657  681
657  693
657  801
658  659
658  660
658  664
658  670
658  676
658  682
658  694
658  802
659  660
659  665
659  671
659  677
659  683
659  695
659  803
660  666
660  672
660  678
660  684
660  696
660  804
661  662
661  663
661  664
661  665
661  666
661  667
661  673
661  679
661  697
661  805
662  663
662  664
662  665
662  666
662  668
662  674
662  680
662  698
662  806
663  664
663  665
663  666
663  669
663  675
663  681
663  699
663  807
664  665
664  666
664  670
664  676
664  682
664  700
664  808
665  666
665  671
665  677
665  683
665  701
665  809
666  672
666  678
666  684
666  702
666  810
667  668
667  669
667  670
667  671
667  672
667  673
667  679
667  703
667  811
668  669
668  670
668  671
668  672
668  674
668  680
668  704
668  812
669  670
669  671
669  672
669  675
669  681
669  705
669  813
670  671
670  672
670  676
670  682
670  706
670  814
671  672
671  677
671  683
671  707
671  815
672  678
672  684
672  708
672  816
673  674
673  675
673  676
673  677
673  678
673  679
673  709
673  817
674  675
674  676
674  677
674  678
674  680
674  710
674  818
675  676
675  677
675  678
675  681
675  711
675  819
676  677
676  678
676  682
676  712
676  820
677  678
677  683
677  713
677  821
678  684
678  714
678  822
679  680
679  681
679  682
679  683
679  684
679  715
679  823
680  681
680  682
680  683
680  684
680  716
680  824
681  682
681  683
681  684
681  717
681  825
682  683
682  684
682  718
682  826
683  684
683  719
683  827
684  720
684  828
685  686
685  687
685  688
685  689
685  690
685  691
685  697
685  703
685  709
685  715
685  829
686  687
686  688
686  689
686  690
686  692
686  698
686  704
686  710
686  716
686  830
687  688
687  689
687  690
687  693
687  699
687  705
687  711
687  717
687  831
688  689
688  690
688  694
688  700
688  706
688  712
688  718
688  832
689  690
689  695
689  701
689  707
689  713
689  719
689  833
690  696
690  702
690  708
690  714
690  720
690  834
691  692
691  693
691  694
691  695
691  696
691  697
691  703
691  709
691  715
691  835
692  693
692  694
692  695
692  696
692  698
692  704
692  710
692  716
692  836
693  694
693  695
693  696
693  699
693  705
693  711
693  717
693  837
694  695
694  696
694  700
694  706
694  712
694  718
694  838
695  696
695  701
695  707
695  713
695  719
695  839
696  702
696  708
696  714
696  720
696  840
697  698
697  699
697  700
697  701
697  702
697  703
697  709
697  715
697  841
698  699
698  700
698  701
698  702
698  704
698  710
698  716
698  842
699  700
699  701
699  702
699  705
699  711
699  717
699  843
700  701
700  702
700  706
700  712
700  718
700  844
701  702
701  707
701  713
701  719
701  845
702  708
702  714
702  720
702  846
703  704
703  705
703  706
703  707
703  708
703  709
703  715
703  847
704  705
704  706
704  707
704  708
704  710
704  716
704  848
705  706
705  707
705  708
705  711
705  717
705  849
706  707
706  708
706  712
706  718
706  850
707  708
707  713
707  719
707  851
708  714
708  720
708  852
709  710
709  711
709  712
709  713
709  714
709  715
709  853
710  711
710  712
710  713
710  714
710  716
710  854
711  712
711  713
711  714
711  717
711  855
712  713
712  714
712  718
712  856
713  714
713  719
713  857
714  720
714  858
715  716
715  717
715  718
715  719
715  720
715  859
716  717
716  718
716  719
716  720
716  860
717  718
717  719
717  720
717  861
718  719
718  720
718  862
719  720
719  863
720  864
721  722
721  723
721  724
721  725
721  726
721  727
721  733
721  739
721  745
721  751
721  757
721  793
721  829
722  723
722  724
722  725
722  726
722  728
722  734
722  740
722  746
722  752
722  758
722  794
722  830
723  724
723  725
723  726
723  729
723  735
723  741
723  747
723  753
723  759
723  795
723  831
724  725
724  726
724  730
724  736
724  742
724  748
724  754
724  760
724  796
724  832
725  726
725  731
725  737
725  743
725  749
725  755
725  761
725  797
725  833
726  732
726  738
726  744
726  750
726  756
726  762
726  798
726  834
727  728
727  729
727  730
727  731
727  732
727  733
727  739
727  745
727  751
727  763
727  799
727  835
728  729
728  730
728  731
728  732
728  734
728  740
728  746
728  752
728  764
728  800
728  836
729  730
729  731
729  732
729  735
729  741
729  747
729  753
729  765
729  801
729  837
730  731
730  732
730  736
730  742
730  748
730  754
730  766
730  802
730  838
731  732
731  737
731  743
731  749
731  755
731  767
731  803
731  839
732  738
732  744
732  750
732  756
732  768
732  804
732  840
733  734
733  735
733  736
733  737
733  738
733  739
733  745
733  751
733  769
733  805
733  841
734  735
734  736
734  737
734  738
734  740
734  746
734  752
734  770
734  806
734  842
735  736
735  737
735  738
735  741
735  747
735  753
735  771
735  807
735  843
736  737
736  738
736  742
736  748
736  754
736  772
736  808
736  844
737  738
737  743
737  749
737  755
737  773
737  809
737  845
738  744
738  750
738  756
738  774
738  810
738  846
739  740
739  741
739  742
739  743
739  744
739  745
739  751
739  775
739  811
739  847
740  741
740  742
740  743
740  744
740  746
740  752
740  776
740  812
740  848
741  742
741  743
741  744
741  747
741  753
741  777
741  813
741  849
742  743
742  744
742  748
742  754
742  778
742  814
742  850
743  744
743  749
743  755
743  779
743  815
743  851
744  750
744  756
744  780
744  816
744  852
745  746
745  747
745  748
745  749
745  750
745  751
745  781
745  817
745  853
746  747
746  748
746  749
746  750
746  752
746  782
746  818
746  854
747  748
747  749
747  750
747  753
747  783
747  819
747  855
748  749
748  750
748  754
748  784
748  820
748  856
749  750
749  755
749  785
749  821
749  857
750  756
750  786
750  822
750  858
751  752
751  753
751  754
751  755
751  756
751  787
751  823
751  859
752  753
752  754
752  755
752  756
752  788
752  824
752  860
753  754
753  755
753  756
753  789
753  825
753  861
754  755
754  756
754  790
754  826
754  862
755  756
755  791
755  827
755  863
756  792
756  828
756  864
757  758
757  759
757  760
757  761
757  762
757  763
757  769
757  775
757  781
757  787
757  793
757  829
758  759
758  760
758  761
758  762
758  764
758  770
758  776
758  782
758  788
758  794
758  830
759  760
759  761
759  762
759  765
759  771
759  777
759  783
759  789
759  795
759  831
760  761
760  762
760  766
760  772
760  778
760  784
760  790
760  796
760  832
761  762
761  767
761  773
761  779
761  785
761  791
761  797
761  833
762  768
762  774
762  780
762  786
762  792
762  798
762  834
763  764
763  765
763  766
763  767
763  768
763  769
763  775
763  781
763  787
763  799
763  835
764  765
764  766
764  767
764  768
764  770
764  776
764  782
764  788
764  800
764  836
765  766
765  767
765  768
765  771
765  777
765  783
765  789
765  801
765  837
766  767
766  768
766  772
766  778
766  784
766  790
766  802
766  838
767  768
767  773
767  779
767  785
767  791
767  803
767  839
768  774
768  780
768  786
768  792
768  804
768  840
769  770
769  771
769  772
769  773
769  774
769  775
769  781
769  787
769  805
769  841
770  771
770  772
770  773
770  774
770  776
770  782
770  788
770  806
770  842
771  772
771  773
771  774
771  777
771  783
771  789
771  807
771  843
772  773
772  774
772  778
772  784
772  790
772  808
772  844
773  774
773  779
773  785
773  791
773  809
773  845
774  780
774  786
774  792
774  810
774  846
775  776
775  777
775  778
775  779
775  780
775  781
775  787
775  811
775  847
776  777
776  778
776  779
776  780
776  782
776  788
776  812
776  848
777  778
777  779
777  780
777  783
777  789
777  813
777  849
778  779
778  780
778  784
778  790
778  814
778  850
779  780
779  785
779  791
779  815
779  851
780  786
780  792
780  816
780  852
781  782
781  783
781  784
781  785
781  786
781  787
781  817
781  853
782  783
782  784
782  785
782  786
782  788
782  818
782  854
783  784
783  785
783  786
783  789
783  819
783  855
784  785
784  786
784  790
784  820
784  856
785  786
785  791
785  821
785  857
786  792
786  822
786  858
787  788
787  789
787  790
787  791
787  792
787  823
787  859
788  789
788  790
788  791
788  792
788  824
788  860
789  790
789  791
789  792
789  825
789  861
790  791
790  792
790  826
790  862
791  792
791  827
791  863
792  828
792  864
793  794
793  795
793  796
793  797
793  798
793  799
793  805
793  811
793  817
793  823
793  829
794  795
794  796
794  797
794  798
794  800
794  806
794  812
794  818
794  824
794  830
795  796
795  797
795  798
795  801
795  807
795  813
795  819
795  825
795  831
796  797
796  798
796  802
796  808
796  814
796  820
796  826
796  832
797  798
797  803
797  809
797  815
797  821
797  827
797  833
798  804
798  810
798  816
798  822
798  828
798  834
799  800
799  801
799  802
799  803
799  804
799  805
799  811
799  817
799  823
799  835
800  801
800  802
800  803
800  804
800  806
800  812
800  818
800  824
800  836
801  802
801  803
801  804
801  807
801  813
801  819
801  825
801  837
802  803
802  804
802  808
802  814
802  820
802  826
802  838
803  804
803  809
803  815
803  821
803  827
803  839
804  810
804  816
804  822
804  828
804  840
805  806
805  807
805  808
805  809
805  810
805  811
805  817
805  823
805  841
806  807
806  808
806  809
806  810
806  812
806  818
806  824
806  842
807  808
807  809
807  810
807  813
807  819
807  825
807  843
808  809
808  810
808  814
808  820
808  826
808  844
809  810
809  815
809  821
809  827
809  845
810  816
810  822
810  828
810  846
811  812
811  813
811  814
811  815
811  816
811  817
811  823
811  847
812  813
812  814
812  815
812  816
812  818
812  824
812  848
813  814
813  815
813  816
813  819
813  825
813  849
814  815
814  816
814  820
814  826
814  850
815  816
815  821
815  827
815  851
816  822
816  828
816  852
817  818
817  819
817  820
817  821
817  822
817  823
817  853
818  819
818  820
818  821
818  822
818  824
818  854
819  820
819  821
819  822
819  825
819  855
820  821
820  822
820  826
820  856
821  822
821  827
821  857
822  828
822  858
823  824
823  825
823  826
823  827
823  828
823  859
824  825
824  826
824  827
824  828
824  860
825  826
825  827
825  828
825  861
826  827
826  828
826  862
827  828
827  863
828  864
829  830
829  831
829  832
829  833
829  834
829  835
829  841
829  847
829  853
829  859
830  831
830  832
830  833
830  834
830  836
830  842
830  848
830  854
830  860
831  832
831  833
831  834
831  837
831  843
831  849
831  855
831  861
832  833
832  834
832  838
832  844
832  850
832  856
832  862
833  834
833  839
833  845
833  851
833  857
833  863
834  840
834  846
834  852
834  858
834  864
835  836
835  837
835  838
835  839
835  840
835  841
835  847
835  853
835  859
836  837
836  838
836  839
836  840
836  842
836  848
836  854
836  860
837  838
837  839
837  840
837  843
837  849
837  855
837  861
838  839
838  840
838  844
838  850
838  856
838  862
839  840
839  845
839  851
839  857
839  863
840  846
840  852
840  858
840  864
841  842
841  843
841  844
841  845
841  846
841  847
841  853
841  859
842  843
842  844
842  845
842  846
842  848
842  854
842  860
843  844
843  845
843  846
843  849
843  855
843  861
844  845
844  846
844  850
844  856
844  862
845  846
845  851
845  857
845  863
846  852
846  858
846  864
847  848
847  849
847  850
847  851
847  852
847  853
847  859
848  849
848  850
848  851
848  852
848  854
848  860
849  850
849  851
849  852
849  855
849  861
850  851
850  852
850  856
850  862
851  852
851  857
851  863
852  858
852  864
853  854
853  855
853  856
853  857
853  858
853  859
854  855
854  856
854  857
854  858
854  860
855  856
855  857
855  858
855  861
856  857
856  858
856  862
857  858
857  863
858  864
859  860
859  861
859  862
859  863
859  864
860  861
860  862
860  863
860  864
861  862
861  863
861  864
862  863
862  864
863  864
