Problem name: hamming3x3x4x5x6.txt 	 Optimal solution = 180
1080 1080 8640
1  2
1  3
1  4
1  5
1  6
1  7
1  13
1  19
1  25
1  31
1  61
1  91
1  121
1  241
1  361
1  721
2  3
2  4
2  5
2  6
2  8
2  14
2  20
2  26
2  32
2  62
2  92
2  122
2  242
2  362
2  722
3  4
3  5
3  6
3  9
3  15
3  21
3  27
3  33
3  63
3  93
3  123
3  243
3  363
3  723
4  5
4  6
4  10
4  16
4  22
4  28
4  34
4  64
4  94
4  124
4  244
4  364
4  724
5  6
5  11
5  17
5  23
5  29
5  35
5  65
5  95
5  125
5  245
5  365
5  725
6  12
6  18
6  24
6  30
6  36
6  66
6  96
6  126
6  246
6  366
6  726
7  8
7  9
7  10
7  11
7  12
7  13
7  19
7  25
7  37
7  67
7  97
7  127
7  247
7  367
7  727
8  9
8  10
8  11
8  12
8  14
8  20
8  26
8  38
8  68
8  98
8  128
8  248
8  368
8  728
9  10
9  11
9  12
9  15
9  21
9  27
9  39
9  69
9  99
9  129
9  249
9  369
9  729
10  11
10  12
10  16
10  22
10  28
10  40
10  70
10  100
10  130
10  250
10  370
10  730
11  12
11  17
11  23
11  29
11  41
11  71
11  101
11  131
11  251
11  371
11  731
12  18
12  24
12  30
12  42
12  72
12  102
12  132
12  252
12  372
12  732
13  14
13  15
13  16
13  17
13  18
13  19
13  25
13  43
13  73
13  103
13  133
13  253
13  373
13  733
14  15
14  16
14  17
14  18
14  20
14  26
14  44
14  74
14  104
14  134
14  254
14  374
14  734
15  16
15  17
15  18
15  21
15  27
15  45
15  75
15  105
15  135
15  255
15  375
15  735
16  17
16  18
16  22
16  28
16  46
16  76
16  106
16  136
16  256
16  376
16  736
17  18
17  23
17  29
17  47
17  77
17  107
17  137
17  257
17  377
17  737
18  24
18  30
18  48
18  78
18  108
18  138
18  258
18  378
18  738
19  20
19  21
19  22
19  23
19  24
19  25
19  49
19  79
19  109
19  139
19  259
19  379
19  739
20  21
20  22
20  23
20  24
20  26
20  50
20  80
20  110
20  140
20  260
20  380
20  740
21  22
21  23
21  24
21  27
21  51
21  81
21  111
21  141
21  261
21  381
21  741
22  23
22  24
22  28
22  52
22  82
22  112
22  142
22  262
22  382
22  742
23  24
23  29
23  53
23  83
23  113
23  143
23  263
23  383
23  743
24  30
24  54
24  84
24  114
24  144
24  264
24  384
24  744
25  26
25  27
25  28
25  29
25  30
25  55
25  85
25  115
25  145
25  265
25  385
25  745
26  27
26  28
26  29
26  30
26  56
26  86
26  116
26  146
26  266
26  386
26  746
27  28
27  29
27  30
27  57
27  87
27  117
27  147
27  267
27  387
27  747
28  29
28  30
28  58
28  88
28  118
28  148
28  268
28  388
28  748
29  30
29  59
29  89
29  119
29  149
29  269
29  389
29  749
30  60
30  90
30  120
30  150
30  270
30  390
30  750
31  32
31  33
31  34
31  35
31  36
31  37
31  43
31  49
31  55
31  61
31  91
31  151
31  271
31  391
31  751
32  33
32  34
32  35
32  36
32  38
32  44
32  50
32  56
32  62
32  92
32  152
32  272
32  392
32  752
33  34
33  35
33  36
33  39
33  45
33  51
33  57
33  63
33  93
33  153
33  273
33  393
33  753
34  35
34  36
34  40
34  46
34  52
34  58
34  64
34  94
34  154
34  274
34  394
34  754
35  36
35  41
35  47
35  53
35  59
35  65
35  95
35  155
35  275
35  395
35  755
36  42
36  48
36  54
36  60
36  66
36  96
36  156
36  276
36  396
36  756
37  38
37  39
37  40
37  41
37  42
37  43
37  49
37  55
37  67
37  97
37  157
37  277
37  397
37  757
38  39
38  40
38  41
38  42
38  44
38  50
38  56
38  68
38  98
38  158
38  278
38  398
38  758
39  40
39  41
39  42
39  45
39  51
39  57
39  69
39  99
39  159
39  279
39  399
39  759
40  41
40  42
40  46
40  52
40  58
40  70
40  100
40  160
40  280
40  400
40  760
41  42
41  47
41  53
41  59
41  71
41  101
41  161
41  281
41  401
41  761
42  48
42  54
42  60
42  72
42  102
42  162
42  282
42  402
42  762
43  44
43  45
43  46
43  47
43  48
43  49
43  55
43  73
43  103
43  163
43  283
43  403
43  763
44  45
44  46
44  47
44  48
44  50
44  56
44  74
44  104
44  164
44  284
44  404
44  764
45  46
45  47
45  48
45  51
45  57
45  75
45  105
45  165
45  285
45  405
45  765
46  47
46  48
46  52
46  58
46  76
46  106
46  166
46  286
46  406
46  766
47  48
47  53
47  59
47  77
47  107
47  167
47  287
47  407
47  767
48  54
48  60
48  78
48  108
48  168
48  288
48  408
48  768
49  50
49  51
49  52
49  53
49  54
49  55
49  79
49  109
49  169
49  289
49  409
49  769
50  51
50  52
50  53
50  54
50  56
50  80
50  110
50  170
50  290
50  410
50  770
51  52
51  53
51  54
51  57
51  81
51  111
51  171
51  291
51  411
51  771
52  53
52  54
52  58
52  82
52  112
52  172
52  292
52  412
52  772
53  54
53  59
53  83
53  113
53  173
53  293
53  413
53  773
54  60
54  84
54  114
54  174
54  294
54  414
54  774
55  56
55  57
55  58
55  59
55  60
55  85
55  115
55  175
55  295
55  415
55  775
56  57
56  58
56  59
56  60
56  86
56  116
56  176
56  296
56  416
56  776
57  58
57  59
57  60
57  87
57  117
57  177
57  297
57  417
57  777
58  59
58  60
58  88
58  118
58  178
58  298
58  418
58  778
59  60
59  89
59  119
59  179
59  299
59  419
59  779
60  90
60  120
60  180
60  300
60  420
60  780
61  62
61  63
61  64
61  65
61  66
61  67
61  73
61  79
61  85
61  91
61  181
61  301
61  421
61  781
62  63
62  64
62  65
62  66
62  68
62  74
62  80
62  86
62  92
62  182
62  302
62  422
62  782
63  64
63  65
63  66
63  69
63  75
63  81
63  87
63  93
63  183
63  303
63  423
63  783
64  65
64  66
64  70
64  76
64  82
64  88
64  94
64  184
64  304
64  424
64  784
65  66
65  71
65  77
65  83
65  89
65  95
65  185
65  305
65  425
65  785
66  72
66  78
66  84
66  90
66  96
66  186
66  306
66  426
66  786
67  68
67  69
67  70
67  71
67  72
67  73
67  79
67  85
67  97
67  187
67  307
67  427
67  787
68  69
68  70
68  71
68  72
68  74
68  80
68  86
68  98
68  188
68  308
68  428
68  788
69  70
69  71
69  72
69  75
69  81
69  87
69  99
69  189
69  309
69  429
69  789
70  71
70  72
70  76
70  82
70  88
70  100
70  190
70  310
70  430
70  790
71  72
71  77
71  83
71  89
71  101
71  191
71  311
71  431
71  791
72  78
72  84
72  90
72  102
72  192
72  312
72  432
72  792
73  74
73  75
73  76
73  77
73  78
73  79
73  85
73  103
73  193
73  313
73  433
73  793
74  75
74  76
74  77
74  78
74  80
74  86
74  104
74  194
74  314
74  434
74  794
75  76
75  77
75  78
75  81
75  87
75  105
75  195
75  315
75  435
75  795
76  77
76  78
76  82
76  88
76  106
76  196
76  316
76  436
76  796
77  78
77  83
77  89
77  107
77  197
77  317
77  437
77  797
78  84
78  90
78  108
78  198
78  318
78  438
78  798
79  80
79  81
79  82
79  83
79  84
79  85
79  109
79  199
79  319
79  439
79  799
80  81
80  82
80  83
80  84
80  86
80  110
80  200
80  320
80  440
80  800
81  82
81  83
81  84
81  87
81  111
81  201
81  321
81  441
81  801
82  83
82  84
82  88
82  112
82  202
82  322
82  442
82  802
83  84
83  89
83  113
83  203
83  323
83  443
83  803
84  90
84  114
84  204
84  324
84  444
84  804
85  86
85  87
85  88
85  89
85  90
85  115
85  205
85  325
85  445
85  805
86  87
86  88
86  89
86  90
86  116
86  206
86  326
86  446
86  806
87  88
87  89
87  90
87  117
87  207
87  327
87  447
87  807
88  89
88  90
88  118
88  208
88  328
88  448
88  808
89  90
89  119
89  209
89  329
89  449
89  809
90  120
90  210
90  330
90  450
90  810
91  92
91  93
91  94
91  95
91  96
91  97
91  103
91  109
91  115
91  211
91  331
91  451
91  811
92  93
92  94
92  95
92  96
92  98
92  104
92  110
92  116
92  212
92  332
92  452
92  812
93  94
93  95
93  96
93  99
93  105
93  111
93  117
93  213
93  333
93  453
93  813
94  95
94  96
94  100
94  106
94  112
94  118
94  214
94  334
94  454
94  814
95  96
95  101
95  107
95  113
95  119
95  215
95  335
95  455
95  815
96  102
96  108
96  114
96  120
96  216
96  336
96  456
96  816
97  98
97  99
97  100
97  101
97  102
97  103
97  109
97  115
97  217
97  337
97  457
97  817
98  99
98  100
98  101
98  102
98  104
98  110
98  116
98  218
98  338
98  458
98  818
99  100
99  101
99  102
99  105
99  111
99  117
99  219
99  339
99  459
99  819
100  101
100  102
100  106
100  112
100  118
100  220
100  340
100  460
100  820
101  102
101  107
101  113
101  119
101  221
101  341
101  461
101  821
102  108
102  114
102  120
102  222
102  342
102  462
102  822
103  104
103  105
103  106
103  107
103  108
103  109
103  115
103  223
103  343
103  463
103  823
104  105
104  106
104  107
104  108
104  110
104  116
104  224
104  344
104  464
104  824
105  106
105  107
105  108
105  111
105  117
105  225
105  345
105  465
105  825
106  107
106  108
106  112
106  118
106  226
106  346
106  466
106  826
107  108
107  113
107  119
107  227
107  347
107  467
107  827
108  114
108  120
108  228
108  348
108  468
108  828
109  110
109  111
109  112
109  113
109  114
109  115
109  229
109  349
109  469
109  829
110  111
110  112
110  113
110  114
110  116
110  230
110  350
110  470
110  830
111  112
111  113
111  114
111  117
111  231
111  351
111  471
111  831
112  113
112  114
112  118
112  232
112  352
112  472
112  832
113  114
113  119
113  233
113  353
113  473
113  833
114  120
114  234
114  354
114  474
114  834
115  116
115  117
115  118
115  119
115  120
115  235
115  355
115  475
115  835
116  117
116  118
116  119
116  120
116  236
116  356
116  476
116  836
117  118
117  119
117  120
117  237
117  357
117  477
117  837
118  119
118  120
118  238
118  358
118  478
118  838
119  120
119  239
119  359
119  479
119  839
120  240
120  360
120  480
120  840
121  122
121  123
121  124
121  125
121  126
121  127
121  133
121  139
121  145
121  151
121  181
121  211
121  241
121  481
121  841
122  123
122  124
122  125
122  126
122  128
122  134
122  140
122  146
122  152
122  182
122  212
122  242
122  482
122  842
123  124
123  125
123  126
123  129
123  135
123  141
123  147
123  153
123  183
123  213
123  243
123  483
123  843
124  125
124  126
124  130
124  136
124  142
124  148
124  154
124  184
124  214
124  244
124  484
124  844
125  126
125  131
125  137
125  143
125  149
125  155
125  185
125  215
125  245
125  485
125  845
126  132
126  138
126  144
126  150
126  156
126  186
126  216
126  246
126  486
126  846
127  128
127  129
127  130
127  131
127  132
127  133
127  139
127  145
127  157
127  187
127  217
127  247
127  487
127  847
128  129
128  130
128  131
128  132
128  134
128  140
128  146
128  158
128  188
128  218
128  248
128  488
128  848
129  130
129  131
129  132
129  135
129  141
129  147
129  159
129  189
129  219
129  249
129  489
129  849
130  131
130  132
130  136
130  142
130  148
130  160
130  190
130  220
130  250
130  490
130  850
131  132
131  137
131  143
131  149
131  161
131  191
131  221
131  251
131  491
131  851
132  138
132  144
132  150
132  162
132  192
132  222
132  252
132  492
132  852
133  134
133  135
133  136
133  137
133  138
133  139
133  145
133  163
133  193
133  223
133  253
133  493
133  853
134  135
134  136
134  137
134  138
134  140
134  146
134  164
134  194
134  224
134  254
134  494
134  854
135  136
135  137
135  138
135  141
135  147
135  165
135  195
135  225
135  255
135  495
135  855
136  137
136  138
136  142
136  148
136  166
136  196
136  226
136  256
136  496
136  856
137  138
137  143
137  149
137  167
137  197
137  227
137  257
137  497
137  857
138  144
138  150
138  168
138  198
138  228
138  258
138  498
138  858
139  140
139  141
139  142
139  143
139  144
139  145
139  169
139  199
139  229
139  259
139  499
139  859
140  141
140  142
140  143
140  144
140  146
140  170
140  200
140  230
140  260
140  500
140  860
141  142
141  143
141  144
141  147
141  171
141  201
141  231
141  261
141  501
141  861
142  143
142  144
142  148
142  172
142  202
142  232
142  262
142  502
142  862
143  144
143  149
143  173
143  203
143  233
143  263
143  503
143  863
144  150
144  174
144  204
144  234
144  264
144  504
144  864
145  146
145  147
145  148
145  149
145  150
145  175
145  205
145  235
145  265
145  505
145  865
146  147
146  148
146  149
146  150
146  176
146  206
146  236
146  266
146  506
146  866
147  148
147  149
147  150
147  177
147  207
147  237
147  267
147  507
147  867
148  149
148  150
148  178
148  208
148  238
148  268
148  508
148  868
149  150
149  179
149  209
149  239
149  269
149  509
149  869
150  180
150  210
150  240
150  270
150  510
150  870
151  152
151  153
151  154
151  155
151  156
151  157
151  163
151  169
151  175
151  181
151  211
151  271
151  511
151  871
152  153
152  154
152  155
152  156
152  158
152  164
152  170
152  176
152  182
152  212
152  272
152  512
152  872
153  154
153  155
153  156
153  159
153  165
153  171
153  177
153  183
153  213
153  273
153  513
153  873
154  155
154  156
154  160
154  166
154  172
154  178
154  184
154  214
154  274
154  514
154  874
155  156
155  161
155  167
155  173
155  179
155  185
155  215
155  275
155  515
155  875
156  162
156  168
156  174
156  180
156  186
156  216
156  276
156  516
156  876
157  158
157  159
157  160
157  161
157  162
157  163
157  169
157  175
157  187
157  217
157  277
157  517
157  877
158  159
158  160
158  161
158  162
158  164
158  170
158  176
158  188
158  218
158  278
158  518
158  878
159  160
159  161
159  162
159  165
159  171
159  177
159  189
159  219
159  279
159  519
159  879
160  161
160  162
160  166
160  172
160  178
160  190
160  220
160  280
160  520
160  880
161  162
161  167
161  173
161  179
161  191
161  221
161  281
161  521
161  881
162  168
162  174
162  180
162  192
162  222
162  282
162  522
162  882
163  164
163  165
163  166
163  167
163  168
163  169
163  175
163  193
163  223
163  283
163  523
163  883
164  165
164  166
164  167
164  168
164  170
164  176
164  194
164  224
164  284
164  524
164  884
165  166
165  167
165  168
165  171
165  177
165  195
165  225
165  285
165  525
165  885
166  167
166  168
166  172
166  178
166  196
166  226
166  286
166  526
166  886
167  168
167  173
167  179
167  197
167  227
167  287
167  527
167  887
168  174
168  180
168  198
168  228
168  288
168  528
168  888
169  170
169  171
169  172
169  173
169  174
169  175
169  199
169  229
169  289
169  529
169  889
170  171
170  172
170  173
170  174
170  176
170  200
170  230
170  290
170  530
170  890
171  172
171  173
171  174
171  177
171  201
171  231
171  291
171  531
171  891
172  173
172  174
172  178
172  202
172  232
172  292
172  532
172  892
173  174
173  179
173  203
173  233
173  293
173  533
173  893
174  180
174  204
174  234
174  294
174  534
174  894
175  176
175  177
175  178
175  179
175  180
175  205
175  235
175  295
175  535
175  895
176  177
176  178
176  179
176  180
176  206
176  236
176  296
176  536
176  896
177  178
177  179
177  180
177  207
177  237
177  297
177  537
177  897
178  179
178  180
178  208
178  238
178  298
178  538
178  898
179  180
179  209
179  239
179  299
179  539
179  899
180  210
180  240
180  300
180  540
180  900
181  182
181  183
181  184
181  185
181  186
181  187
181  193
181  199
181  205
181  211
181  301
181  541
181  901
182  183
182  184
182  185
182  186
182  188
182  194
182  200
182  206
182  212
182  302
182  542
182  902
183  184
183  185
183  186
183  189
183  195
183  201
183  207
183  213
183  303
183  543
183  903
184  185
184  186
184  190
184  196
184  202
184  208
184  214
184  304
184  544
184  904
185  186
185  191
185  197
185  203
185  209
185  215
185  305
185  545
185  905
186  192
186  198
186  204
186  210
186  216
186  306
186  546
186  906
187  188
187  189
187  190
187  191
187  192
187  193
187  199
187  205
187  217
187  307
187  547
187  907
188  189
188  190
188  191
188  192
188  194
188  200
188  206
188  218
188  308
188  548
188  908
189  190
189  191
189  192
189  195
189  201
189  207
189  219
189  309
189  549
189  909
190  191
190  192
190  196
190  202
190  208
190  220
190  310
190  550
190  910
191  192
191  197
191  203
191  209
191  221
191  311
191  551
191  911
192  198
192  204
192  210
192  222
192  312
192  552
192  912
193  194
193  195
193  196
193  197
193  198
193  199
193  205
193  223
193  313
193  553
193  913
194  195
194  196
194  197
194  198
194  200
194  206
194  224
194  314
194  554
194  914
195  196
195  197
195  198
195  201
195  207
195  225
195  315
195  555
195  915
196  197
196  198
196  202
196  208
196  226
196  316
196  556
196  916
197  198
197  203
197  209
197  227
197  317
197  557
197  917
198  204
198  210
198  228
198  318
198  558
198  918
199  200
199  201
199  202
199  203
199  204
199  205
199  229
199  319
199  559
199  919
200  201
200  202
200  203
200  204
200  206
200  230
200  320
200  560
200  920
201  202
201  203
201  204
201  207
201  231
201  321
201  561
201  921
202  203
202  204
202  208
202  232
202  322
202  562
202  922
203  204
203  209
203  233
203  323
203  563
203  923
204  210
204  234
204  324
204  564
204  924
205  206
205  207
205  208
205  209
205  210
205  235
205  325
205  565
205  925
206  207
206  208
206  209
206  210
206  236
206  326
206  566
206  926
207  208
207  209
207  210
207  237
207  327
207  567
207  927
208  209
208  210
208  238
208  328
208  568
208  928
209  210
209  239
209  329
209  569
209  929
210  240
210  330
210  570
210  930
211  212
211  213
211  214
211  215
211  216
211  217
211  223
211  229
211  235
211  331
211  571
211  931
212  213
212  214
212  215
212  216
212  218
212  224
212  230
212  236
212  332
212  572
212  932
213  214
213  215
213  216
213  219
213  225
213  231
213  237
213  333
213  573
213  933
214  215
214  216
214  220
214  226
214  232
214  238
214  334
214  574
214  934
215  216
215  221
215  227
215  233
215  239
215  335
215  575
215  935
216  222
216  228
216  234
216  240
216  336
216  576
216  936
217  218
217  219
217  220
217  221
217  222
217  223
217  229
217  235
217  337
217  577
217  937
218  219
218  220
218  221
218  222
218  224
218  230
218  236
218  338
218  578
218  938
219  220
219  221
219  222
219  225
219  231
219  237
219  339
219  579
219  939
220  221
220  222
220  226
220  232
220  238
220  340
220  580
220  940
221  222
221  227
221  233
221  239
221  341
221  581
221  941
222  228
222  234
222  240
222  342
222  582
222  942
223  224
223  225
223  226
223  227
223  228
223  229
223  235
223  343
223  583
223  943
224  225
224  226
224  227
224  228
224  230
224  236
224  344
224  584
224  944
225  226
225  227
225  228
225  231
225  237
225  345
225  585
225  945
226  227
226  228
226  232
226  238
226  346
226  586
226  946
227  228
227  233
227  239
227  347
227  587
227  947
228  234
228  240
228  348
228  588
228  948
229  230
229  231
229  232
229  233
229  234
229  235
229  349
229  589
229  949
230  231
230  232
230  233
230  234
230  236
230  350
230  590
230  950
231  232
231  233
231  234
231  237
231  351
231  591
231  951
232  233
232  234
232  238
232  352
232  592
232  952
233  234
233  239
233  353
233  593
233  953
234  240
234  354
234  594
234  954
235  236
235  237
235  238
235  239
235  240
235  355
235  595
235  955
236  237
236  238
236  239
236  240
236  356
236  596
236  956
237  238
237  239
237  240
237  357
237  597
237  957
238  239
238  240
238  358
238  598
238  958
239  240
239  359
239  599
239  959
240  360
240  600
240  960
241  242
241  243
241  244
241  245
241  246
241  247
241  253
241  259
241  265
241  271
241  301
241  331
241  601
241  961
242  243
242  244
242  245
242  246
242  248
242  254
242  260
242  266
242  272
242  302
242  332
242  602
242  962
243  244
243  245
243  246
243  249
243  255
243  261
243  267
243  273
243  303
243  333
243  603
243  963
244  245
244  246
244  250
244  256
244  262
244  268
244  274
244  304
244  334
244  604
244  964
245  246
245  251
245  257
245  263
245  269
245  275
245  305
245  335
245  605
245  965
246  252
246  258
246  264
246  270
246  276
246  306
246  336
246  606
246  966
247  248
247  249
247  250
247  251
247  252
247  253
247  259
247  265
247  277
247  307
247  337
247  607
247  967
248  249
248  250
248  251
248  252
248  254
248  260
248  266
248  278
248  308
248  338
248  608
248  968
249  250
249  251
249  252
249  255
249  261
249  267
249  279
249  309
249  339
249  609
249  969
250  251
250  252
250  256
250  262
250  268
250  280
250  310
250  340
250  610
250  970
251  252
251  257
251  263
251  269
251  281
251  311
251  341
251  611
251  971
252  258
252  264
252  270
252  282
252  312
252  342
252  612
252  972
253  254
253  255
253  256
253  257
253  258
253  259
253  265
253  283
253  313
253  343
253  613
253  973
254  255
254  256
254  257
254  258
254  260
254  266
254  284
254  314
254  344
254  614
254  974
255  256
255  257
255  258
255  261
255  267
255  285
255  315
255  345
255  615
255  975
256  257
256  258
256  262
256  268
256  286
256  316
256  346
256  616
256  976
257  258
257  263
257  269
257  287
257  317
257  347
257  617
257  977
258  264
258  270
258  288
258  318
258  348
258  618
258  978
259  260
259  261
259  262
259  263
259  264
259  265
259  289
259  319
259  349
259  619
259  979
260  261
260  262
260  263
260  264
260  266
260  290
260  320
260  350
260  620
260  980
261  262
261  263
261  264
261  267
261  291
261  321
261  351
261  621
261  981
262  263
262  264
262  268
262  292
262  322
262  352
262  622
262  982
263  264
263  269
263  293
263  323
263  353
263  623
263  983
264  270
264  294
264  324
264  354
264  624
264  984
265  266
265  267
265  268
265  269
265  270
265  295
265  325
265  355
265  625
265  985
266  267
266  268
266  269
266  270
266  296
266  326
266  356
266  626
266  986
267  268
267  269
267  270
267  297
267  327
267  357
267  627
267  987
268  269
268  270
268  298
268  328
268  358
268  628
268  988
269  270
269  299
269  329
269  359
269  629
269  989
270  300
270  330
270  360
270  630
270  990
271  272
271  273
271  274
271  275
271  276
271  277
271  283
271  289
271  295
271  301
271  331
271  631
271  991
272  273
272  274
272  275
272  276
272  278
272  284
272  290
272  296
272  302
272  332
272  632
272  992
273  274
273  275
273  276
273  279
273  285
273  291
273  297
273  303
273  333
273  633
273  993
274  275
274  276
274  280
274  286
274  292
274  298
274  304
274  334
274  634
274  994
275  276
275  281
275  287
275  293
275  299
275  305
275  335
275  635
275  995
276  282
276  288
276  294
276  300
276  306
276  336
276  636
276  996
277  278
277  279
277  280
277  281
277  282
277  283
277  289
277  295
277  307
277  337
277  637
277  997
278  279
278  280
278  281
278  282
278  284
278  290
278  296
278  308
278  338
278  638
278  998
279  280
279  281
279  282
279  285
279  291
279  297
279  309
279  339
279  639
279  999
280  281
280  282
280  286
280  292
280  298
280  310
280  340
280  640
280  1000
281  282
281  287
281  293
281  299
281  311
281  341
281  641
281  1001
282  288
282  294
282  300
282  312
282  342
282  642
282  1002
283  284
283  285
283  286
283  287
283  288
283  289
283  295
283  313
283  343
283  643
283  1003
284  285
284  286
284  287
284  288
284  290
284  296
284  314
284  344
284  644
284  1004
285  286
285  287
285  288
285  291
285  297
285  315
285  345
285  645
285  1005
286  287
286  288
286  292
286  298
286  316
286  346
286  646
286  1006
287  288
287  293
287  299
287  317
287  347
287  647
287  1007
288  294
288  300
288  318
288  348
288  648
288  1008
289  290
289  291
289  292
289  293
289  294
289  295
289  319
289  349
289  649
289  1009
290  291
290  292
290  293
290  294
290  296
290  320
290  350
290  650
290  1010
291  292
291  293
291  294
291  297
291  321
291  351
291  651
291  1011
292  293
292  294
292  298
292  322
292  352
292  652
292  1012
293  294
293  299
293  323
293  353
293  653
293  1013
294  300
294  324
294  354
294  654
294  1014
295  296
295  297
295  298
295  299
295  300
295  325
295  355
295  655
295  1015
296  297
296  298
296  299
296  300
296  326
296  356
296  656
296  1016
297  298
297  299
297  300
297  327
297  357
297  657
297  1017
298  299
298  300
298  328
298  358
298  658
298  1018
299  300
299  329
299  359
299  659
299  1019
300  330
300  360
300  660
300  1020
301  302
301  303
301  304
301  305
301  306
301  307
301  313
301  319
301  325
301  331
301  661
301  1021
302  303
302  304
302  305
302  306
302  308
302  314
302  320
302  326
302  332
302  662
302  1022
303  304
303  305
303  306
303  309
303  315
303  321
303  327
303  333
303  663
303  1023
304  305
304  306
304  310
304  316
304  322
304  328
304  334
304  664
304  1024
305  306
305  311
305  317
305  323
305  329
305  335
305  665
305  1025
306  312
306  318
306  324
306  330
306  336
306  666
306  1026
307  308
307  309
307  310
307  311
307  312
307  313
307  319
307  325
307  337
307  667
307  1027
308  309
308  310
308  311
308  312
308  314
308  320
308  326
308  338
308  668
308  1028
309  310
309  311
309  312
309  315
309  321
309  327
309  339
309  669
309  1029
310  311
310  312
310  316
310  322
310  328
310  340
310  670
310  1030
311  312
311  317
311  323
311  329
311  341
311  671
311  1031
312  318
312  324
312  330
312  342
312  672
312  1032
313  314
313  315
313  316
313  317
313  318
313  319
313  325
313  343
313  673
313  1033
314  315
314  316
314  317
314  318
314  320
314  326
314  344
314  674
314  1034
315  316
315  317
315  318
315  321
315  327
315  345
315  675
315  1035
316  317
316  318
316  322
316  328
316  346
316  676
316  1036
317  318
317  323
317  329
317  347
317  677
317  1037
318  324
318  330
318  348
318  678
318  1038
319  320
319  321
319  322
319  323
319  324
319  325
319  349
319  679
319  1039
320  321
320  322
320  323
320  324
320  326
320  350
320  680
320  1040
321  322
321  323
321  324
321  327
321  351
321  681
321  1041
322  323
322  324
322  328
322  352
322  682
322  1042
323  324
323  329
323  353
323  683
323  1043
324  330
324  354
324  684
324  1044
325  326
325  327
325  328
325  329
325  330
325  355
325  685
325  1045
326  327
326  328
326  329
326  330
326  356
326  686
326  1046
327  328
327  329
327  330
327  357
327  687
327  1047
328  329
328  330
328  358
328  688
328  1048
329  330
329  359
329  689
329  1049
330  360
330  690
330  1050
331  332
331  333
331  334
331  335
331  336
331  337
331  343
331  349
331  355
331  691
331  1051
332  333
332  334
332  335
332  336
332  338
332  344
332  350
332  356
332  692
332  1052
333  334
333  335
333  336
333  339
333  345
333  351
333  357
333  693
333  1053
334  335
334  336
334  340
334  346
334  352
334  358
334  694
334  1054
335  336
335  341
335  347
335  353
335  359
335  695
335  1055
336  342
336  348
336  354
336  360
336  696
336  1056
337  338
337  339
337  340
337  341
337  342
337  343
337  349
337  355
337  697
337  1057
338  339
338  340
338  341
338  342
338  344
338  350
338  356
338  698
338  1058
339  340
339  341
339  342
339  345
339  351
339  357
339  699
339  1059
340  341
340  342
340  346
340  352
340  358
340  700
340  1060
341  342
341  347
341  353
341  359
341  701
341  1061
342  348
342  354
342  360
342  702
342  1062
343  344
343  345
343  346
343  347
343  348
343  349
343  355
343  703
343  1063
344  345
344  346
344  347
344  348
344  350
344  356
344  704
344  1064
345  346
345  347
345  348
345  351
345  357
345  705
345  1065
346  347
346  348
346  352
346  358
346  706
346  1066
347  348
347  353
347  359
347  707
347  1067
348  354
348  360
348  708
348  1068
349  350
349  351
349  352
349  353
349  354
349  355
349  709
349  1069
350  351
350  352
350  353
350  354
350  356
350  710
350  1070
351  352
351  353
351  354
351  357
351  711
351  1071
352  353
352  354
352  358
352  712
352  1072
353  354
353  359
353  713
353  1073
354  360
354  714
354  1074
355  356
355  357
355  358
355  359
355  360
355  715
355  1075
356  357
356  358
356  359
356  360
356  716
356  1076
357  358
357  359
357  360
357  717
357  1077
358  359
358  360
358  718
358  1078
359  360
359  719
359  1079
360  720
360  1080
361  362
361  363
361  364
361  365
361  366
361  367
361  373
361  379
361  385
361  391
361  421
361  451
361  481
361  601
361  721
362  363
362  364
362  365
362  366
362  368
362  374
362  380
362  386
362  392
362  422
362  452
362  482
362  602
362  722
363  364
363  365
363  366
363  369
363  375
363  381
363  387
363  393
363  423
363  453
363  483
363  603
363  723
364  365
364  366
364  370
364  376
364  382
364  388
364  394
364  424
364  454
364  484
364  604
364  724
365  366
365  371
365  377
365  383
365  389
365  395
365  425
365  455
365  485
365  605
365  725
366  372
366  378
366  384
366  390
366  396
366  426
366  456
366  486
366  606
366  726
367  368
367  369
367  370
367  371
367  372
367  373
367  379
367  385
367  397
367  427
367  457
367  487
367  607
367  727
368  369
368  370
368  371
368  372
368  374
368  380
368  386
368  398
368  428
368  458
368  488
368  608
368  728
369  370
369  371
369  372
369  375
369  381
369  387
369  399
369  429
369  459
369  489
369  609
369  729
370  371
370  372
370  376
370  382
370  388
370  400
370  430
370  460
370  490
370  610
370  730
371  372
371  377
371  383
371  389
371  401
371  431
371  461
371  491
371  611
371  731
372  378
372  384
372  390
372  402
372  432
372  462
372  492
372  612
372  732
373  374
373  375
373  376
373  377
373  378
373  379
373  385
373  403
373  433
373  463
373  493
373  613
373  733
374  375
374  376
374  377
374  378
374  380
374  386
374  404
374  434
374  464
374  494
374  614
374  734
375  376
375  377
375  378
375  381
375  387
375  405
375  435
375  465
375  495
375  615
375  735
376  377
376  378
376  382
376  388
376  406
376  436
376  466
376  496
376  616
376  736
377  378
377  383
377  389
377  407
377  437
377  467
377  497
377  617
377  737
378  384
378  390
378  408
378  438
378  468
378  498
378  618
378  738
379  380
379  381
379  382
379  383
379  384
379  385
379  409
379  439
379  469
379  499
379  619
379  739
380  381
380  382
380  383
380  384
380  386
380  410
380  440
380  470
380  500
380  620
380  740
381  382
381  383
381  384
381  387
381  411
381  441
381  471
381  501
381  621
381  741
382  383
382  384
382  388
382  412
382  442
382  472
382  502
382  622
382  742
383  384
383  389
383  413
383  443
383  473
383  503
383  623
383  743
384  390
384  414
384  444
384  474
384  504
384  624
384  744
385  386
385  387
385  388
385  389
385  390
385  415
385  445
385  475
385  505
385  625
385  745
386  387
386  388
386  389
386  390
386  416
386  446
386  476
386  506
386  626
386  746
387  388
387  389
387  390
387  417
387  447
387  477
387  507
387  627
387  747
388  389
388  390
388  418
388  448
388  478
388  508
388  628
388  748
389  390
389  419
389  449
389  479
389  509
389  629
389  749
390  420
390  450
390  480
390  510
390  630
390  750
391  392
391  393
391  394
391  395
391  396
391  397
391  403
391  409
391  415
391  421
391  451
391  511
391  631
391  751
392  393
392  394
392  395
392  396
392  398
392  404
392  410
392  416
392  422
392  452
392  512
392  632
392  752
393  394
393  395
393  396
393  399
393  405
393  411
393  417
393  423
393  453
393  513
393  633
393  753
394  395
394  396
394  400
394  406
394  412
394  418
394  424
394  454
394  514
394  634
394  754
395  396
395  401
395  407
395  413
395  419
395  425
395  455
395  515
395  635
395  755
396  402
396  408
396  414
396  420
396  426
396  456
396  516
396  636
396  756
397  398
397  399
397  400
397  401
397  402
397  403
397  409
397  415
397  427
397  457
397  517
397  637
397  757
398  399
398  400
398  401
398  402
398  404
398  410
398  416
398  428
398  458
398  518
398  638
398  758
399  400
399  401
399  402
399  405
399  411
399  417
399  429
399  459
399  519
399  639
399  759
400  401
400  402
400  406
400  412
400  418
400  430
400  460
400  520
400  640
400  760
401  402
401  407
401  413
401  419
401  431
401  461
401  521
401  641
401  761
402  408
402  414
402  420
402  432
402  462
402  522
402  642
402  762
403  404
403  405
403  406
403  407
403  408
403  409
403  415
403  433
403  463
403  523
403  643
403  763
404  405
404  406
404  407
404  408
404  410
404  416
404  434
404  464
404  524
404  644
404  764
405  406
405  407
405  408
405  411
405  417
405  435
405  465
405  525
405  645
405  765
406  407
406  408
406  412
406  418
406  436
406  466
406  526
406  646
406  766
407  408
407  413
407  419
407  437
407  467
407  527
407  647
407  767
408  414
408  420
408  438
408  468
408  528
408  648
408  768
409  410
409  411
409  412
409  413
409  414
409  415
409  439
409  469
409  529
409  649
409  769
410  411
410  412
410  413
410  414
410  416
410  440
410  470
410  530
410  650
410  770
411  412
411  413
411  414
411  417
411  441
411  471
411  531
411  651
411  771
412  413
412  414
412  418
412  442
412  472
412  532
412  652
412  772
413  414
413  419
413  443
413  473
413  533
413  653
413  773
414  420
414  444
414  474
414  534
414  654
414  774
415  416
415  417
415  418
415  419
415  420
415  445
415  475
415  535
415  655
415  775
416  417
416  418
416  419
416  420
416  446
416  476
416  536
416  656
416  776
417  418
417  419
417  420
417  447
417  477
417  537
417  657
417  777
418  419
418  420
418  448
418  478
418  538
418  658
418  778
419  420
419  449
419  479
419  539
419  659
419  779
420  450
420  480
420  540
420  660
420  780
421  422
421  423
421  424
421  425
421  426
421  427
421  433
421  439
421  445
421  451
421  541
421  661
421  781
422  423
422  424
422  425
422  426
422  428
422  434
422  440
422  446
422  452
422  542
422  662
422  782
423  424
423  425
423  426
423  429
423  435
423  441
423  447
423  453
423  543
423  663
423  783
424  425
424  426
424  430
424  436
424  442
424  448
424  454
424  544
424  664
424  784
425  426
425  431
425  437
425  443
425  449
425  455
425  545
425  665
425  785
426  432
426  438
426  444
426  450
426  456
426  546
426  666
426  786
427  428
427  429
427  430
427  431
427  432
427  433
427  439
427  445
427  457
427  547
427  667
427  787
428  429
428  430
428  431
428  432
428  434
428  440
428  446
428  458
428  548
428  668
428  788
429  430
429  431
429  432
429  435
429  441
429  447
429  459
429  549
429  669
429  789
430  431
430  432
430  436
430  442
430  448
430  460
430  550
430  670
430  790
431  432
431  437
431  443
431  449
431  461
431  551
431  671
431  791
432  438
432  444
432  450
432  462
432  552
432  672
432  792
433  434
433  435
433  436
433  437
433  438
433  439
433  445
433  463
433  553
433  673
433  793
434  435
434  436
434  437
434  438
434  440
434  446
434  464
434  554
434  674
434  794
435  436
435  437
435  438
435  441
435  447
435  465
435  555
435  675
435  795
436  437
436  438
436  442
436  448
436  466
436  556
436  676
436  796
437  438
437  443
437  449
437  467
437  557
437  677
437  797
438  444
438  450
438  468
438  558
438  678
438  798
439  440
439  441
439  442
439  443
439  444
439  445
439  469
439  559
439  679
439  799
440  441
440  442
440  443
440  444
440  446
440  470
440  560
440  680
440  800
441  442
441  443
441  444
441  447
441  471
441  561
441  681
441  801
442  443
442  444
442  448
442  472
442  562
442  682
442  802
443  444
443  449
443  473
443  563
443  683
443  803
444  450
444  474
444  564
444  684
444  804
445  446
445  447
445  448
445  449
445  450
445  475
445  565
445  685
445  805
446  447
446  448
446  449
446  450
446  476
446  566
446  686
446  806
447  448
447  449
447  450
447  477
447  567
447  687
447  807
448  449
448  450
448  478
448  568
448  688
448  808
449  450
449  479
449  569
449  689
449  809
450  480
450  570
450  690
450  810
451  452
451  453
451  454
451  455
451  456
451  457
451  463
451  469
451  475
451  571
451  691
451  811
452  453
452  454
452  455
452  456
452  458
452  464
452  470
452  476
452  572
452  692
452  812
453  454
453  455
453  456
453  459
453  465
453  471
453  477
453  573
453  693
453  813
454  455
454  456
454  460
454  466
454  472
454  478
454  574
454  694
454  814
455  456
455  461
455  467
455  473
455  479
455  575
455  695
455  815
456  462
456  468
456  474
456  480
456  576
456  696
456  816
457  458
457  459
457  460
457  461
457  462
457  463
457  469
457  475
457  577
457  697
457  817
458  459
458  460
458  461
458  462
458  464
458  470
458  476
458  578
458  698
458  818
459  460
459  461
459  462
459  465
459  471
459  477
459  579
459  699
459  819
460  461
460  462
460  466
460  472
460  478
460  580
460  700
460  820
461  462
461  467
461  473
461  479
461  581
461  701
461  821
462  468
462  474
462  480
462  582
462  702
462  822
463  464
463  465
463  466
463  467
463  468
463  469
463  475
463  583
463  703
463  823
464  465
464  466
464  467
464  468
464  470
464  476
464  584
464  704
464  824
465  466
465  467
465  468
465  471
465  477
465  585
465  705
465  825
466  467
466  468
466  472
466  478
466  586
466  706
466  826
467  468
467  473
467  479
467  587
467  707
467  827
468  474
468  480
468  588
468  708
468  828
469  470
469  471
469  472
469  473
469  474
469  475
469  589
469  709
469  829
470  471
470  472
470  473
470  474
470  476
470  590
470  710
470  830
471  472
471  473
471  474
471  477
471  591
471  711
471  831
472  473
472  474
472  478
472  592
472  712
472  832
473  474
473  479
473  593
473  713
473  833
474  480
474  594
474  714
474  834
475  476
475  477
475  478
475  479
475  480
475  595
475  715
475  835
476  477
476  478
476  479
476  480
476  596
476  716
476  836
477  478
477  479
477  480
477  597
477  717
477  837
478  479
478  480
478  598
478  718
478  838
479  480
479  599
479  719
479  839
480  600
480  720
480  840
481  482
481  483
481  484
481  485
481  486
481  487
481  493
481  499
481  505
481  511
481  541
481  571
481  601
481  841
482  483
482  484
482  485
482  486
482  488
482  494
482  500
482  506
482  512
482  542
482  572
482  602
482  842
483  484
483  485
483  486
483  489
483  495
483  501
483  507
483  513
483  543
483  573
483  603
483  843
484  485
484  486
484  490
484  496
484  502
484  508
484  514
484  544
484  574
484  604
484  844
485  486
485  491
485  497
485  503
485  509
485  515
485  545
485  575
485  605
485  845
486  492
486  498
486  504
486  510
486  516
486  546
486  576
486  606
486  846
487  488
487  489
487  490
487  491
487  492
487  493
487  499
487  505
487  517
487  547
487  577
487  607
487  847
488  489
488  490
488  491
488  492
488  494
488  500
488  506
488  518
488  548
488  578
488  608
488  848
489  490
489  491
489  492
489  495
489  501
489  507
489  519
489  549
489  579
489  609
489  849
490  491
490  492
490  496
490  502
490  508
490  520
490  550
490  580
490  610
490  850
491  492
491  497
491  503
491  509
491  521
491  551
491  581
491  611
491  851
492  498
492  504
492  510
492  522
492  552
492  582
492  612
492  852
493  494
493  495
493  496
493  497
493  498
493  499
493  505
493  523
493  553
493  583
493  613
493  853
494  495
494  496
494  497
494  498
494  500
494  506
494  524
494  554
494  584
494  614
494  854
495  496
495  497
495  498
495  501
495  507
495  525
495  555
495  585
495  615
495  855
496  497
496  498
496  502
496  508
496  526
496  556
496  586
496  616
496  856
497  498
497  503
497  509
497  527
497  557
497  587
497  617
497  857
498  504
498  510
498  528
498  558
498  588
498  618
498  858
499  500
499  501
499  502
499  503
499  504
499  505
499  529
499  559
499  589
499  619
499  859
500  501
500  502
500  503
500  504
500  506
500  530
500  560
500  590
500  620
500  860
501  502
501  503
501  504
501  507
501  531
501  561
501  591
501  621
501  861
502  503
502  504
502  508
502  532
502  562
502  592
502  622
502  862
503  504
503  509
503  533
503  563
503  593
503  623
503  863
504  510
504  534
504  564
504  594
504  624
504  864
505  506
505  507
505  508
505  509
505  510
505  535
505  565
505  595
505  625
505  865
506  507
506  508
506  509
506  510
506  536
506  566
506  596
506  626
506  866
507  508
507  509
507  510
507  537
507  567
507  597
507  627
507  867
508  509
508  510
508  538
508  568
508  598
508  628
508  868
509  510
509  539
509  569
509  599
509  629
509  869
510  540
510  570
510  600
510  630
510  870
511  512
511  513
511  514
511  515
511  516
511  517
511  523
511  529
511  535
511  541
511  571
511  631
511  871
512  513
512  514
512  515
512  516
512  518
512  524
512  530
512  536
512  542
512  572
512  632
512  872
513  514
513  515
513  516
513  519
513  525
513  531
513  537
513  543
513  573
513  633
513  873
514  515
514  516
514  520
514  526
514  532
514  538
514  544
514  574
514  634
514  874
515  516
515  521
515  527
515  533
515  539
515  545
515  575
515  635
515  875
516  522
516  528
516  534
516  540
516  546
516  576
516  636
516  876
517  518
517  519
517  520
517  521
517  522
517  523
517  529
517  535
517  547
517  577
517  637
517  877
518  519
518  520
518  521
518  522
518  524
518  530
518  536
518  548
518  578
518  638
518  878
519  520
519  521
519  522
519  525
519  531
519  537
519  549
519  579
519  639
519  879
520  521
520  522
520  526
520  532
520  538
520  550
520  580
520  640
520  880
521  522
521  527
521  533
521  539
521  551
521  581
521  641
521  881
522  528
522  534
522  540
522  552
522  582
522  642
522  882
523  524
523  525
523  526
523  527
523  528
523  529
523  535
523  553
523  583
523  643
523  883
524  525
524  526
524  527
524  528
524  530
524  536
524  554
524  584
524  644
524  884
525  526
525  527
525  528
525  531
525  537
525  555
525  585
525  645
525  885
526  527
526  528
526  532
526  538
526  556
526  586
526  646
526  886
527  528
527  533
527  539
527  557
527  587
527  647
527  887
528  534
528  540
528  558
528  588
528  648
528  888
529  530
529  531
529  532
529  533
529  534
529  535
529  559
529  589
529  649
529  889
530  531
530  532
530  533
530  534
530  536
530  560
530  590
530  650
530  890
531  532
531  533
531  534
531  537
531  561
531  591
531  651
531  891
532  533
532  534
532  538
532  562
532  592
532  652
532  892
533  534
533  539
533  563
533  593
533  653
533  893
534  540
534  564
534  594
534  654
534  894
535  536
535  537
535  538
535  539
535  540
535  565
535  595
535  655
535  895
536  537
536  538
536  539
536  540
536  566
536  596
536  656
536  896
537  538
537  539
537  540
537  567
537  597
537  657
537  897
538  539
538  540
538  568
538  598
538  658
538  898
539  540
539  569
539  599
539  659
539  899
540  570
540  600
540  660
540  900
541  542
541  543
541  544
541  545
541  546
541  547
541  553
541  559
541  565
541  571
541  661
541  901
542  543
542  544
542  545
542  546
542  548
542  554
542  560
542  566
542  572
542  662
542  902
543  544
543  545
543  546
543  549
543  555
543  561
543  567
543  573
543  663
543  903
544  545
544  546
544  550
544  556
544  562
544  568
544  574
544  664
544  904
545  546
545  551
545  557
545  563
545  569
545  575
545  665
545  905
546  552
546  558
546  564
546  570
546  576
546  666
546  906
547  548
547  549
547  550
547  551
547  552
547  553
547  559
547  565
547  577
547  667
547  907
548  549
548  550
548  551
548  552
548  554
548  560
548  566
548  578
548  668
548  908
549  550
549  551
549  552
549  555
549  561
549  567
549  579
549  669
549  909
550  551
550  552
550  556
550  562
550  568
550  580
550  670
550  910
551  552
551  557
551  563
551  569
551  581
551  671
551  911
552  558
552  564
552  570
552  582
552  672
552  912
553  554
553  555
553  556
553  557
553  558
553  559
553  565
553  583
553  673
553  913
554  555
554  556
554  557
554  558
554  560
554  566
554  584
554  674
554  914
555  556
555  557
555  558
555  561
555  567
555  585
555  675
555  915
556  557
556  558
556  562
556  568
556  586
556  676
556  916
557  558
557  563
557  569
557  587
557  677
557  917
558  564
558  570
558  588
558  678
558  918
559  560
559  561
559  562
559  563
559  564
559  565
559  589
559  679
559  919
560  561
560  562
560  563
560  564
560  566
560  590
560  680
560  920
561  562
561  563
561  564
561  567
561  591
561  681
561  921
562  563
562  564
562  568
562  592
562  682
562  922
563  564
563  569
563  593
563  683
563  923
564  570
564  594
564  684
564  924
565  566
565  567
565  568
565  569
565  570
565  595
565  685
565  925
566  567
566  568
566  569
566  570
566  596
566  686
566  926
567  568
567  569
567  570
567  597
567  687
567  927
568  569
568  570
568  598
568  688
568  928
569  570
569  599
569  689
569  929
570  600
570  690
570  930
571  572
571  573
571  574
571  575
571  576
571  577
571  583
571  589
571  595
571  691
571  931
572  573
572  574
572  575
572  576
572  578
572  584
572  590
572  596
572  692
572  932
573  574
573  575
573  576
573  579
573  585
573  591
573  597
573  693
573  933
574  575
574  576
574  580
574  586
574  592
574  598
574  694
574  934
575  576
575  581
575  587
575  593
575  599
575  695
575  935
576  582
576  588
576  594
576  600
576  696
576  936
577  578
577  579
577  580
577  581
577  582
577  583
577  589
577  595
577  697
577  937
578  579
578  580
578  581
578  582
578  584
578  590
578  596
578  698
578  938
579  580
579  581
579  582
579  585
579  591
579  597
579  699
579  939
580  581
580  582
580  586
580  592
580  598
580  700
580  940
581  582
581  587
581  593
581  599
581  701
581  941
582  588
582  594
582  600
582  702
582  942
583  584
583  585
583  586
583  587
583  588
583  589
583  595
583  703
583  943
584  585
584  586
584  587
584  588
584  590
584  596
584  704
584  944
585  586
585  587
585  588
585  591
585  597
585  705
585  945
586  587
586  588
586  592
586  598
586  706
586  946
587  588
587  593
587  599
587  707
587  947
588  594
588  600
588  708
588  948
589  590
589  591
589  592
589  593
589  594
589  595
589  709
589  949
590  591
590  592
590  593
590  594
590  596
590  710
590  950
591  592
591  593
591  594
591  597
591  711
591  951
592  593
592  594
592  598
592  712
592  952
593  594
593  599
593  713
593  953
594  600
594  714
594  954
595  596
595  597
595  598
595  599
595  600
595  715
595  955
596  597
596  598
596  599
596  600
596  716
596  956
597  598
597  599
597  600
597  717
597  957
598  599
598  600
598  718
598  958
599  600
599  719
599  959
600  720
600  960
601  602
601  603
601  604
601  605
601  606
601  607
601  613
601  619
601  625
601  631
601  661
601  691
601  961
602  603
602  604
602  605
602  606
602  608
602  614
602  620
602  626
602  632
602  662
602  692
602  962
603  604
603  605
603  606
603  609
603  615
603  621
603  627
603  633
603  663
603  693
603  963
604  605
604  606
604  610
604  616
604  622
604  628
604  634
604  664
604  694
604  964
605  606
605  611
605  617
605  623
605  629
605  635
605  665
605  695
605  965
606  612
606  618
606  624
606  630
606  636
606  666
606  696
606  966
607  608
607  609
607  610
607  611
607  612
607  613
607  619
607  625
607  637
607  667
607  697
607  967
608  609
608  610
608  611
608  612
608  614
608  620
608  626
608  638
608  668
608  698
608  968
609  610
609  611
609  612
609  615
609  621
609  627
609  639
609  669
609  699
609  969
610  611
610  612
610  616
610  622
610  628
610  640
610  670
610  700
610  970
611  612
611  617
611  623
611  629
611  641
611  671
611  701
611  971
612  618
612  624
612  630
612  642
612  672
612  702
612  972
613  614
613  615
613  616
613  617
613  618
613  619
613  625
613  643
613  673
613  703
613  973
614  615
614  616
614  617
614  618
614  620
614  626
614  644
614  674
614  704
614  974
615  616
615  617
615  618
615  621
615  627
615  645
615  675
615  705
615  975
616  617
616  618
616  622
616  628
616  646
616  676
616  706
616  976
617  618
617  623
617  629
617  647
617  677
617  707
617  977
618  624
618  630
618  648
618  678
618  708
618  978
619  620
619  621
619  622
619  623
619  624
619  625
619  649
619  679
619  709
619  979
620  621
620  622
620  623
620  624
620  626
620  650
620  680
620  710
620  980
621  622
621  623
621  624
621  627
621  651
621  681
621  711
621  981
622  623
622  624
622  628
622  652
622  682
622  712
622  982
623  624
623  629
623  653
623  683
623  713
623  983
624  630
624  654
624  684
624  714
624  984
625  626
625  627
625  628
625  629
625  630
625  655
625  685
625  715
625  985
626  627
626  628
626  629
626  630
626  656
626  686
626  716
626  986
627  628
627  629
627  630
627  657
627  687
627  717
627  987
628  629
628  630
628  658
628  688
628  718
628  988
629  630
629  659
629  689
629  719
629  989
630  660
630  690
630  720
630  990
631  632
631  633
631  634
631  635
631  636
631  637
631  643
631  649
631  655
631  661
631  691
631  991
632  633
632  634
632  635
632  636
632  638
632  644
632  650
632  656
632  662
632  692
632  992
633  634
633  635
633  636
633  639
633  645
633  651
633  657
633  663
633  693
633  993
634  635
634  636
634  640
634  646
634  652
634  658
634  664
634  694
634  994
635  636
635  641
635  647
635  653
635  659
635  665
635  695
635  995
636  642
636  648
636  654
636  660
636  666
636  696
636  996
637  638
637  639
637  640
637  641
637  642
637  643
637  649
637  655
637  667
637  697
637  997
638  639
638  640
638  641
638  642
638  644
638  650
638  656
638  668
638  698
638  998
639  640
639  641
639  642
639  645
639  651
639  657
639  669
639  699
639  999
640  641
640  642
640  646
640  652
640  658
640  670
640  700
640  1000
641  642
641  647
641  653
641  659
641  671
641  701
641  1001
642  648
642  654
642  660
642  672
642  702
642  1002
643  644
643  645
643  646
643  647
643  648
643  649
643  655
643  673
643  703
643  1003
644  645
644  646
644  647
644  648
644  650
644  656
644  674
644  704
644  1004
645  646
645  647
645  648
645  651
645  657
645  675
645  705
645  1005
646  647
646  648
646  652
646  658
646  676
646  706
646  1006
647  648
647  653
647  659
647  677
647  707
647  1007
648  654
648  660
648  678
648  708
648  1008
649  650
649  651
649  652
649  653
649  654
649  655
649  679
649  709
649  1009
650  651
650  652
650  653
650  654
650  656
650  680
650  710
650  1010
651  652
651  653
651  654
651  657
651  681
651  711
651  1011
652  653
652  654
652  658
652  682
652  712
652  1012
653  654
653  659
653  683
653  713
653  1013
654  660
654  684
654  714
654  1014
655  656
655  657
655  658
655  659
655  660
655  685
655  715
655  1015
656  657
656  658
656  659
656  660
656  686
656  716
656  1016
657  658
657  659
657  660
657  687
657  717
657  1017
658  659
658  660
658  688
658  718
658  1018
659  660
659  689
659  719
659  1019
660  690
660  720
660  1020
661  662
661  663
661  664
661  665
661  666
661  667
661  673
661  679
661  685
661  691
661  1021
662  663
662  664
662  665
662  666
662  668
662  674
662  680
662  686
662  692
662  1022
663  664
663  665
663  666
663  669
663  675
663  681
663  687
663  693
663  1023
664  665
664  666
664  670
664  676
664  682
664  688
664  694
664  1024
665  666
665  671
665  677
665  683
665  689
665  695
665  1025
666  672
666  678
666  684
666  690
666  696
666  1026
667  668
667  669
667  670
667  671
667  672
667  673
667  679
667  685
667  697
667  1027
668  669
668  670
668  671
668  672
668  674
668  680
668  686
668  698
668  1028
669  670
669  671
669  672
669  675
669  681
669  687
669  699
669  1029
670  671
670  672
670  676
670  682
670  688
670  700
670  1030
671  672
671  677
671  683
671  689
671  701
671  1031
672  678
672  684
672  690
672  702
672  1032
673  674
673  675
673  676
673  677
673  678
673  679
673  685
673  703
673  1033
674  675
674  676
674  677
674  678
674  680
674  686
674  704
674  1034
675  676
675  677
675  678
675  681
675  687
675  705
675  1035
676  677
676  678
676  682
676  688
676  706
676  1036
677  678
677  683
677  689
677  707
677  1037
678  684
678  690
678  708
678  1038
679  680
679  681
679  682
679  683
679  684
679  685
679  709
679  1039
680  681
680  682
680  683
680  684
680  686
680  710
680  1040
681  682
681  683
681  684
681  687
681  711
681  1041
682  683
682  684
682  688
682  712
682  1042
683  684
683  689
683  713
683  1043
684  690
684  714
684  1044
685  686
685  687
685  688
685  689
685  690
685  715
685  1045
686  687
686  688
686  689
686  690
686  716
686  1046
687  688
687  689
687  690
687  717
687  1047
688  689
688  690
688  718
688  1048
689  690
689  719
689  1049
690  720
690  1050
691  692
691  693
691  694
691  695
691  696
691  697
691  703
691  709
691  715
691  1051
692  693
692  694
692  695
692  696
692  698
692  704
692  710
692  716
692  1052
693  694
693  695
693  696
693  699
693  705
693  711
693  717
693  1053
694  695
694  696
694  700
694  706
694  712
694  718
694  1054
695  696
695  701
695  707
695  713
695  719
695  1055
696  702
696  708
696  714
696  720
696  1056
697  698
697  699
697  700
697  701
697  702
697  703
697  709
697  715
697  1057
698  699
698  700
698  701
698  702
698  704
698  710
698  716
698  1058
699  700
699  701
699  702
699  705
699  711
699  717
699  1059
700  701
700  702
700  706
700  712
700  718
700  1060
701  702
701  707
701  713
701  719
701  1061
702  708
702  714
702  720
702  1062
703  704
703  705
703  706
703  707
703  708
703  709
703  715
703  1063
704  705
704  706
704  707
704  708
704  710
704  716
704  1064
705  706
705  707
705  708
705  711
705  717
705  1065
706  707
706  708
706  712
706  718
706  1066
707  708
707  713
707  719
707  1067
708  714
708  720
708  1068
709  710
709  711
709  712
709  713
709  714
709  715
709  1069
710  711
710  712
710  713
710  714
710  716
710  1070
711  712
711  713
711  714
711  717
711  1071
712  713
712  714
712  718
712  1072
713  714
713  719
713  1073
714  720
714  1074
715  716
715  717
715  718
715  719
715  720
715  1075
716  717
716  718
716  719
716  720
716  1076
717  718
717  719
717  720
717  1077
718  719
718  720
718  1078
719  720
719  1079
720  1080
721  722
721  723
721  724
721  725
721  726
721  727
721  733
721  739
721  745
721  751
721  781
721  811
721  841
721  961
722  723
722  724
722  725
722  726
722  728
722  734
722  740
722  746
722  752
722  782
722  812
722  842
722  962
723  724
723  725
723  726
723  729
723  735
723  741
723  747
723  753
723  783
723  813
723  843
723  963
724  725
724  726
724  730
724  736
724  742
724  748
724  754
724  784
724  814
724  844
724  964
725  726
725  731
725  737
725  743
725  749
725  755
725  785
725  815
725  845
725  965
726  732
726  738
726  744
726  750
726  756
726  786
726  816
726  846
726  966
727  728
727  729
727  730
727  731
727  732
727  733
727  739
727  745
727  757
727  787
727  817
727  847
727  967
728  729
728  730
728  731
728  732
728  734
728  740
728  746
728  758
728  788
728  818
728  848
728  968
729  730
729  731
729  732
729  735
729  741
729  747
729  759
729  789
729  819
729  849
729  969
730  731
730  732
730  736
730  742
730  748
730  760
730  790
730  820
730  850
730  970
731  732
731  737
731  743
731  749
731  761
731  791
731  821
731  851
731  971
732  738
732  744
732  750
732  762
732  792
732  822
732  852
732  972
733  734
733  735
733  736
733  737
733  738
733  739
733  745
733  763
733  793
733  823
733  853
733  973
734  735
734  736
734  737
734  738
734  740
734  746
734  764
734  794
734  824
734  854
734  974
735  736
735  737
735  738
735  741
735  747
735  765
735  795
735  825
735  855
735  975
736  737
736  738
736  742
736  748
736  766
736  796
736  826
736  856
736  976
737  738
737  743
737  749
737  767
737  797
737  827
737  857
737  977
738  744
738  750
738  768
738  798
738  828
738  858
738  978
739  740
739  741
739  742
739  743
739  744
739  745
739  769
739  799
739  829
739  859
739  979
740  741
740  742
740  743
740  744
740  746
740  770
740  800
740  830
740  860
740  980
741  742
741  743
741  744
741  747
741  771
741  801
741  831
741  861
741  981
742  743
742  744
742  748
742  772
742  802
742  832
742  862
742  982
743  744
743  749
743  773
743  803
743  833
743  863
743  983
744  750
744  774
744  804
744  834
744  864
744  984
745  746
745  747
745  748
745  749
745  750
745  775
745  805
745  835
745  865
745  985
746  747
746  748
746  749
746  750
746  776
746  806
746  836
746  866
746  986
747  748
747  749
747  750
747  777
747  807
747  837
747  867
747  987
748  749
748  750
748  778
748  808
748  838
748  868
748  988
749  750
749  779
749  809
749  839
749  869
749  989
750  780
750  810
750  840
750  870
750  990
751  752
751  753
751  754
751  755
751  756
751  757
751  763
751  769
751  775
751  781
751  811
751  871
751  991
752  753
752  754
752  755
752  756
752  758
752  764
752  770
752  776
752  782
752  812
752  872
752  992
753  754
753  755
753  756
753  759
753  765
753  771
753  777
753  783
753  813
753  873
753  993
754  755
754  756
754  760
754  766
754  772
754  778
754  784
754  814
754  874
754  994
755  756
755  761
755  767
755  773
755  779
755  785
755  815
755  875
755  995
756  762
756  768
756  774
756  780
756  786
756  816
756  876
756  996
757  758
757  759
757  760
757  761
757  762
757  763
757  769
757  775
757  787
757  817
757  877
757  997
758  759
758  760
758  761
758  762
758  764
758  770
758  776
758  788
758  818
758  878
758  998
759  760
759  761
759  762
759  765
759  771
759  777
759  789
759  819
759  879
759  999
760  761
760  762
760  766
760  772
760  778
760  790
760  820
760  880
760  1000
761  762
761  767
761  773
761  779
761  791
761  821
761  881
761  1001
762  768
762  774
762  780
762  792
762  822
762  882
762  1002
763  764
763  765
763  766
763  767
763  768
763  769
763  775
763  793
763  823
763  883
763  1003
764  765
764  766
764  767
764  768
764  770
764  776
764  794
764  824
764  884
764  1004
765  766
765  767
765  768
765  771
765  777
765  795
765  825
765  885
765  1005
766  767
766  768
766  772
766  778
766  796
766  826
766  886
766  1006
767  768
767  773
767  779
767  797
767  827
767  887
767  1007
768  774
768  780
768  798
768  828
768  888
768  1008
769  770
769  771
769  772
769  773
769  774
769  775
769  799
769  829
769  889
769  1009
770  771
770  772
770  773
770  774
770  776
770  800
770  830
770  890
770  1010
771  772
771  773
771  774
771  777
771  801
771  831
771  891
771  1011
772  773
772  774
772  778
772  802
772  832
772  892
772  1012
773  774
773  779
773  803
773  833
773  893
773  1013
774  780
774  804
774  834
774  894
774  1014
775  776
775  777
775  778
775  779
775  780
775  805
775  835
775  895
775  1015
776  777
776  778
776  779
776  780
776  806
776  836
776  896
776  1016
777  778
777  779
777  780
777  807
777  837
777  897
777  1017
778  779
778  780
778  808
778  838
778  898
778  1018
779  780
779  809
779  839
779  899
779  1019
780  810
780  840
780  900
780  1020
781  782
781  783
781  784
781  785
781  786
781  787
781  793
781  799
781  805
781  811
781  901
781  1021
782  783
782  784
782  785
782  786
782  788
782  794
782  800
782  806
782  812
782  902
782  1022
783  784
783  785
783  786
783  789
783  795
783  801
783  807
783  813
783  903
783  1023
784  785
784  786
784  790
784  796
784  802
784  808
784  814
784  904
784  1024
785  786
785  791
785  797
785  803
785  809
785  815
785  905
785  1025
786  792
786  798
786  804
786  810
786  816
786  906
786  1026
787  788
787  789
787  790
787  791
787  792
787  793
787  799
787  805
787  817
787  907
787  1027
788  789
788  790
788  791
788  792
788  794
788  800
788  806
788  818
788  908
788  1028
789  790
789  791
789  792
789  795
789  801
789  807
789  819
789  909
789  1029
790  791
790  792
790  796
790  802
790  808
790  820
790  910
790  1030
791  792
791  797
791  803
791  809
791  821
791  911
791  1031
792  798
792  804
792  810
792  822
792  912
792  1032
793  794
793  795
793  796
793  797
793  798
793  799
793  805
793  823
793  913
793  1033
794  795
794  796
794  797
794  798
794  800
794  806
794  824
794  914
794  1034
795  796
795  797
795  798
795  801
795  807
795  825
795  915
795  1035
796  797
796  798
796  802
796  808
796  826
796  916
796  1036
797  798
797  803
797  809
797  827
797  917
797  1037
798  804
798  810
798  828
798  918
798  1038
799  800
799  801
799  802
799  803
799  804
799  805
799  829
799  919
799  1039
800  801
800  802
800  803
800  804
800  806
800  830
800  920
800  1040
801  802
801  803
801  804
801  807
801  831
801  921
801  1041
802  803
802  804
802  808
802  832
802  922
802  1042
803  804
803  809
803  833
803  923
803  1043
804  810
804  834
804  924
804  1044
805  806
805  807
805  808
805  809
805  810
805  835
805  925
805  1045
806  807
806  808
806  809
806  810
806  836
806  926
806  1046
807  808
807  809
807  810
807  837
807  927
807  1047
808  809
808  810
808  838
808  928
808  1048
809  810
809  839
809  929
809  1049
810  840
810  930
810  1050
811  812
811  813
811  814
811  815
811  816
811  817
811  823
811  829
811  835
811  931
811  1051
812  813
812  814
812  815
812  816
812  818
812  824
812  830
812  836
812  932
812  1052
813  814
813  815
813  816
813  819
813  825
813  831
813  837
813  933
813  1053
814  815
814  816
814  820
814  826
814  832
814  838
814  934
814  1054
815  816
815  821
815  827
815  833
815  839
815  935
815  1055
816  822
816  828
816  834
816  840
816  936
816  1056
817  818
817  819
817  820
817  821
817  822
817  823
817  829
817  835
817  937
817  1057
818  819
818  820
818  821
818  822
818  824
818  830
818  836
818  938
818  1058
819  820
819  821
819  822
819  825
819  831
819  837
819  939
819  1059
820  821
820  822
820  826
820  832
820  838
820  940
820  1060
821  822
821  827
821  833
821  839
821  941
821  1061
822  828
822  834
822  840
822  942
822  1062
823  824
823  825
823  826
823  827
823  828
823  829
823  835
823  943
823  1063
824  825
824  826
824  827
824  828
824  830
824  836
824  944
824  1064
825  826
825  827
825  828
825  831
825  837
825  945
825  1065
826  827
826  828
826  832
826  838
826  946
826  1066
827  828
827  833
827  839
827  947
827  1067
828  834
828  840
828  948
828  1068
829  830
829  831
829  832
829  833
829  834
829  835
829  949
829  1069
830  831
830  832
830  833
830  834
830  836
830  950
830  1070
831  832
831  833
831  834
831  837
831  951
831  1071
832  833
832  834
832  838
832  952
832  1072
833  834
833  839
833  953
833  1073
834  840
834  954
834  1074
835  836
835  837
835  838
835  839
835  840
835  955
835  1075
836  837
836  838
836  839
836  840
836  956
836  1076
837  838
837  839
837  840
837  957
837  1077
838  839
838  840
838  958
838  1078
839  840
839  959
839  1079
840  960
840  1080
841  842
841  843
841  844
841  845
841  846
841  847
841  853
841  859
841  865
841  871
841  901
841  931
841  961
842  843
842  844
842  845
842  846
842  848
842  854
842  860
842  866
842  872
842  902
842  932
842  962
843  844
843  845
843  846
843  849
843  855
843  861
843  867
843  873
843  903
843  933
843  963
844  845
844  846
844  850
844  856
844  862
844  868
844  874
844  904
844  934
844  964
845  846
845  851
845  857
845  863
845  869
845  875
845  905
845  935
845  965
846  852
846  858
846  864
846  870
846  876
846  906
846  936
846  966
847  848
847  849
847  850
847  851
847  852
847  853
847  859
847  865
847  877
847  907
847  937
847  967
848  849
848  850
848  851
848  852
848  854
848  860
848  866
848  878
848  908
848  938
848  968
849  850
849  851
849  852
849  855
849  861
849  867
849  879
849  909
849  939
849  969
850  851
850  852
850  856
850  862
850  868
850  880
850  910
850  940
850  970
851  852
851  857
851  863
851  869
851  881
851  911
851  941
851  971
852  858
852  864
852  870
852  882
852  912
852  942
852  972
853  854
853  855
853  856
853  857
853  858
853  859
853  865
853  883
853  913
853  943
853  973
854  855
854  856
854  857
854  858
854  860
854  866
854  884
854  914
854  944
854  974
855  856
855  857
855  858
855  861
855  867
855  885
855  915
855  945
855  975
856  857
856  858
856  862
856  868
856  886
856  916
856  946
856  976
857  858
857  863
857  869
857  887
857  917
857  947
857  977
858  864
858  870
858  888
858  918
858  948
858  978
859  860
859  861
859  862
859  863
859  864
859  865
859  889
859  919
859  949
859  979
860  861
860  862
860  863
860  864
860  866
860  890
860  920
860  950
860  980
861  862
861  863
861  864
861  867
861  891
861  921
861  951
861  981
862  863
862  864
862  868
862  892
862  922
862  952
862  982
863  864
863  869
863  893
863  923
863  953
863  983
864  870
864  894
864  924
864  954
864  984
865  866
865  867
865  868
865  869
865  870
865  895
865  925
865  955
865  985
866  867
866  868
866  869
866  870
866  896
866  926
866  956
866  986
867  868
867  869
867  870
867  897
867  927
867  957
867  987
868  869
868  870
868  898
868  928
868  958
868  988
869  870
869  899
869  929
869  959
869  989
870  900
870  930
870  960
870  990
871  872
871  873
871  874
871  875
871  876
871  877
871  883
871  889
871  895
871  901
871  931
871  991
872  873
872  874
872  875
872  876
872  878
872  884
872  890
872  896
872  902
872  932
872  992
873  874
873  875
873  876
873  879
873  885
873  891
873  897
873  903
873  933
873  993
874  875
874  876
874  880
874  886
874  892
874  898
874  904
874  934
874  994
875  876
875  881
875  887
875  893
875  899
875  905
875  935
875  995
876  882
876  888
876  894
876  900
876  906
876  936
876  996
877  878
877  879
877  880
877  881
877  882
877  883
877  889
877  895
877  907
877  937
877  997
878  879
878  880
878  881
878  882
878  884
878  890
878  896
878  908
878  938
878  998
879  880
879  881
879  882
879  885
879  891
879  897
879  909
879  939
879  999
880  881
880  882
880  886
880  892
880  898
880  910
880  940
880  1000
881  882
881  887
881  893
881  899
881  911
881  941
881  1001
882  888
882  894
882  900
882  912
882  942
882  1002
883  884
883  885
883  886
883  887
883  888
883  889
883  895
883  913
883  943
883  1003
884  885
884  886
884  887
884  888
884  890
884  896
884  914
884  944
884  1004
885  886
885  887
885  888
885  891
885  897
885  915
885  945
885  1005
886  887
886  888
886  892
886  898
886  916
886  946
886  1006
887  888
887  893
887  899
887  917
887  947
887  1007
888  894
888  900
888  918
888  948
888  1008
889  890
889  891
889  892
889  893
889  894
889  895
889  919
889  949
889  1009
890  891
890  892
890  893
890  894
890  896
890  920
890  950
890  1010
891  892
891  893
891  894
891  897
891  921
891  951
891  1011
892  893
892  894
892  898
892  922
892  952
892  1012
893  894
893  899
893  923
893  953
893  1013
894  900
894  924
894  954
894  1014
895  896
895  897
895  898
895  899
895  900
895  925
895  955
895  1015
896  897
896  898
896  899
896  900
896  926
896  956
896  1016
897  898
897  899
897  900
897  927
897  957
897  1017
898  899
898  900
898  928
898  958
898  1018
899  900
899  929
899  959
899  1019
900  930
900  960
900  1020
901  902
901  903
901  904
901  905
901  906
901  907
901  913
901  919
901  925
901  931
901  1021
902  903
902  904
902  905
902  906
902  908
902  914
902  920
902  926
902  932
902  1022
903  904
903  905
903  906
903  909
903  915
903  921
903  927
903  933
903  1023
904  905
904  906
904  910
904  916
904  922
904  928
904  934
904  1024
905  906
905  911
905  917
905  923
905  929
905  935
905  1025
906  912
906  918
906  924
906  930
906  936
906  1026
907  908
907  909
907  910
907  911
907  912
907  913
907  919
907  925
907  937
907  1027
908  909
908  910
908  911
908  912
908  914
908  920
908  926
908  938
908  1028
909  910
909  911
909  912
909  915
909  921
909  927
909  939
909  1029
910  911
910  912
910  916
910  922
910  928
910  940
910  1030
911  912
911  917
911  923
911  929
911  941
911  1031
912  918
912  924
912  930
912  942
912  1032
913  914
913  915
913  916
913  917
913  918
913  919
913  925
913  943
913  1033
914  915
914  916
914  917
914  918
914  920
914  926
914  944
914  1034
915  916
915  917
915  918
915  921
915  927
915  945
915  1035
916  917
916  918
916  922
916  928
916  946
916  1036
917  918
917  923
917  929
917  947
917  1037
918  924
918  930
918  948
918  1038
919  920
919  921
919  922
919  923
919  924
919  925
919  949
919  1039
920  921
920  922
920  923
920  924
920  926
920  950
920  1040
921  922
921  923
921  924
921  927
921  951
921  1041
922  923
922  924
922  928
922  952
922  1042
923  924
923  929
923  953
923  1043
924  930
924  954
924  1044
925  926
925  927
925  928
925  929
925  930
925  955
925  1045
926  927
926  928
926  929
926  930
926  956
926  1046
927  928
927  929
927  930
927  957
927  1047
928  929
928  930
928  958
928  1048
929  930
929  959
929  1049
930  960
930  1050
931  932
931  933
931  934
931  935
931  936
931  937
931  943
931  949
931  955
931  1051
932  933
932  934
932  935
932  936
932  938
932  944
932  950
932  956
932  1052
933  934
933  935
933  936
933  939
933  945
933  951
933  957
933  1053
934  935
934  936
934  940
934  946
934  952
934  958
934  1054
935  936
935  941
935  947
935  953
935  959
935  1055
936  942
936  948
936  954
936  960
936  1056
937  938
937  939
937  940
937  941
937  942
937  943
937  949
937  955
937  1057
938  939
938  940
938  941
938  942
938  944
938  950
938  956
938  1058
939  940
939  941
939  942
939  945
939  951
939  957
939  1059
940  941
940  942
940  946
940  952
940  958
940  1060
941  942
941  947
941  953
941  959
941  1061
942  948
942  954
942  960
942  1062
943  944
943  945
943  946
943  947
943  948
943  949
943  955
943  1063
944  945
944  946
944  947
944  948
944  950
944  956
944  1064
945  946
945  947
945  948
945  951
945  957
945  1065
946  947
946  948
946  952
946  958
946  1066
947  948
947  953
947  959
947  1067
948  954
948  960
948  1068
949  950
949  951
949  952
949  953
949  954
949  955
949  1069
950  951
950  952
950  953
950  954
950  956
950  1070
951  952
951  953
951  954
951  957
951  1071
952  953
952  954
952  958
952  1072
953  954
953  959
953  1073
954  960
954  1074
955  956
955  957
955  958
955  959
955  960
955  1075
956  957
956  958
956  959
956  960
956  1076
957  958
957  959
957  960
957  1077
958  959
958  960
958  1078
959  960
959  1079
960  1080
961  962
961  963
961  964
961  965
961  966
961  967
961  973
961  979
961  985
961  991
961  1021
961  1051
962  963
962  964
962  965
962  966
962  968
962  974
962  980
962  986
962  992
962  1022
962  1052
963  964
963  965
963  966
963  969
963  975
963  981
963  987
963  993
963  1023
963  1053
964  965
964  966
964  970
964  976
964  982
964  988
964  994
964  1024
964  1054
965  966
965  971
965  977
965  983
965  989
965  995
965  1025
965  1055
966  972
966  978
966  984
966  990
966  996
966  1026
966  1056
967  968
967  969
967  970
967  971
967  972
967  973
967  979
967  985
967  997
967  1027
967  1057
968  969
968  970
968  971
968  972
968  974
968  980
968  986
968  998
968  1028
968  1058
969  970
969  971
969  972
969  975
969  981
969  987
969  999
969  1029
969  1059
970  971
970  972
970  976
970  982
970  988
970  1000
970  1030
970  1060
971  972
971  977
971  983
971  989
971  1001
971  1031
971  1061
972  978
972  984
972  990
972  1002
972  1032
972  1062
973  974
973  975
973  976
973  977
973  978
973  979
973  985
973  1003
973  1033
973  1063
974  975
974  976
974  977
974  978
974  980
974  986
974  1004
974  1034
974  1064
975  976
975  977
975  978
975  981
975  987
975  1005
975  1035
975  1065
976  977
976  978
976  982
976  988
976  1006
976  1036
976  1066
977  978
977  983
977  989
977  1007
977  1037
977  1067
978  984
978  990
978  1008
978  1038
978  1068
979  980
979  981
979  982
979  983
979  984
979  985
979  1009
979  1039
979  1069
980  981
980  982
980  983
980  984
980  986
980  1010
980  1040
980  1070
981  982
981  983
981  984
981  987
981  1011
981  1041
981  1071
982  983
982  984
982  988
982  1012
982  1042
982  1072
983  984
983  989
983  1013
983  1043
983  1073
984  990
984  1014
984  1044
984  1074
985  986
985  987
985  988
985  989
985  990
985  1015
985  1045
985  1075
986  987
986  988
986  989
986  990
986  1016
986  1046
986  1076
987  988
987  989
987  990
987  1017
987  1047
987  1077
988  989
988  990
988  1018
988  1048
988  1078
989  990
989  1019
989  1049
989  1079
990  1020
990  1050
990  1080
991  992
991  993
991  994
991  995
991  996
991  997
991  1003
991  1009
991  1015
991  1021
991  1051
992  993
992  994
992  995
992  996
992  998
992  1004
992  1010
992  1016
992  1022
992  1052
993  994
993  995
993  996
993  999
993  1005
993  1011
993  1017
993  1023
993  1053
994  995
994  996
994  1000
994  1006
994  1012
994  1018
994  1024
994  1054
995  996
995  1001
995  1007
995  1013
995  1019
995  1025
995  1055
996  1002
996  1008
996  1014
996  1020
996  1026
996  1056
997  998
997  999
997  1000
997  1001
997  1002
997  1003
997  1009
997  1015
997  1027
997  1057
998  999
998  1000
998  1001
998  1002
998  1004
998  1010
998  1016
998  1028
998  1058
999  1000
999  1001
999  1002
999  1005
999  1011
999  1017
999  1029
999  1059
1000  1001
1000  1002
1000  1006
1000  1012
1000  1018
1000  1030
1000  1060
1001  1002
1001  1007
1001  1013
1001  1019
1001  1031
1001  1061
1002  1008
1002  1014
1002  1020
1002  1032
1002  1062
1003  1004
1003  1005
1003  1006
1003  1007
1003  1008
1003  1009
1003  1015
1003  1033
1003  1063
1004  1005
1004  1006
1004  1007
1004  1008
1004  1010
1004  1016
1004  1034
1004  1064
1005  1006
1005  1007
1005  1008
1005  1011
1005  1017
1005  1035
1005  1065
1006  1007
1006  1008
1006  1012
1006  1018
1006  1036
1006  1066
1007  1008
1007  1013
1007  1019
1007  1037
1007  1067
1008  1014
1008  1020
1008  1038
1008  1068
1009  1010
1009  1011
1009  1012
1009  1013
1009  1014
1009  1015
1009  1039
1009  1069
1010  1011
1010  1012
1010  1013
1010  1014
1010  1016
1010  1040
1010  1070
1011  1012
1011  1013
1011  1014
1011  1017
1011  1041
1011  1071
1012  1013
1012  1014
1012  1018
1012  1042
1012  1072
1013  1014
1013  1019
1013  1043
1013  1073
1014  1020
1014  1044
1014  1074
1015  1016
1015  1017
1015  1018
1015  1019
1015  1020
1015  1045
1015  1075
1016  1017
1016  1018
1016  1019
1016  1020
1016  1046
1016  1076
1017  1018
1017  1019
1017  1020
1017  1047
1017  1077
1018  1019
1018  1020
1018  1048
1018  1078
1019  1020
1019  1049
1019  1079
1020  1050
1020  1080
1021  1022
1021  1023
1021  1024
1021  1025
1021  1026
1021  1027
1021  1033
1021  1039
1021  1045
1021  1051
1022  1023
1022  1024
1022  1025
1022  1026
1022  1028
1022  1034
1022  1040
1022  1046
1022  1052
1023  1024
1023  1025
1023  1026
1023  1029
1023  1035
1023  1041
1023  1047
1023  1053
1024  1025
1024  1026
1024  1030
1024  1036
1024  1042
1024  1048
1024  1054
1025  1026
1025  1031
1025  1037
1025  1043
1025  1049
1025  1055
1026  1032
1026  1038
1026  1044
1026  1050
1026  1056
1027  1028
1027  1029
1027  1030
1027  1031
1027  1032
1027  1033
1027  1039
1027  1045
1027  1057
1028  1029
1028  1030
1028  1031
1028  1032
1028  1034
1028  1040
1028  1046
1028  1058
1029  1030
1029  1031
1029  1032
1029  1035
1029  1041
1029  1047
1029  1059
1030  1031
1030  1032
1030  1036
1030  1042
1030  1048
1030  1060
1031  1032
1031  1037
1031  1043
1031  1049
1031  1061
1032  1038
1032  1044
1032  1050
1032  1062
1033  1034
1033  1035
1033  1036
1033  1037
1033  1038
1033  1039
1033  1045
1033  1063
1034  1035
1034  1036
1034  1037
1034  1038
1034  1040
1034  1046
1034  1064
1035  1036
1035  1037
1035  1038
1035  1041
1035  1047
1035  1065
1036  1037
1036  1038
1036  1042
1036  1048
1036  1066
1037  1038
1037  1043
1037  1049
1037  1067
1038  1044
1038  1050
1038  1068
1039  1040
1039  1041
1039  1042
1039  1043
1039  1044
1039  1045
1039  1069
1040  1041
1040  1042
1040  1043
1040  1044
1040  1046
1040  1070
1041  1042
1041  1043
1041  1044
1041  1047
1041  1071
1042  1043
1042  1044
1042  1048
1042  1072
1043  1044
1043  1049
1043  1073
1044  1050
1044  1074
1045  1046
1045  1047
1045  1048
1045  1049
1045  1050
1045  1075
1046  1047
1046  1048
1046  1049
1046  1050
1046  1076
1047  1048
1047  1049
1047  1050
1047  1077
1048  1049
1048  1050
1048  1078
1049  1050
1049  1079
1050  1080
1051  1052
1051  1053
1051  1054
1051  1055
1051  1056
1051  1057
1051  1063
1051  1069
1051  1075
1052  1053
1052  1054
1052  1055
1052  1056
1052  1058
1052  1064
1052  1070
1052  1076
1053  1054
1053  1055
1053  1056
1053  1059
1053  1065
1053  1071
1053  1077
1054  1055
1054  1056
1054  1060
1054  1066
1054  1072
1054  1078
1055  1056
1055  1061
1055  1067
1055  1073
1055  1079
1056  1062
1056  1068
1056  1074
1056  1080
1057  1058
1057  1059
1057  1060
1057  1061
1057  1062
1057  1063
1057  1069
1057  1075
1058  1059
1058  1060
1058  1061
1058  1062
1058  1064
1058  1070
1058  1076
1059  1060
1059  1061
1059  1062
1059  1065
1059  1071
1059  1077
1060  1061
1060  1062
1060  1066
1060  1072
1060  1078
1061  1062
1061  1067
1061  1073
1061  1079
1062  1068
1062  1074
1062  1080
1063  1064
1063  1065
1063  1066
1063  1067
1063  1068
1063  1069
1063  1075
1064  1065
1064  1066
1064  1067
1064  1068
1064  1070
1064  1076
1065  1066
1065  1067
1065  1068
1065  1071
1065  1077
1066  1067
1066  1068
1066  1072
1066  1078
1067  1068
1067  1073
1067  1079
1068  1074
1068  1080
1069  1070
1069  1071
1069  1072
1069  1073
1069  1074
1069  1075
1070  1071
1070  1072
1070  1073
1070  1074
1070  1076
1071  1072
1071  1073
1071  1074
1071  1077
1072  1073
1072  1074
1072  1078
1073  1074
1073  1079
1074  1080
1075  1076
1075  1077
1075  1078
1075  1079
1075  1080
1076  1077
1076  1078
1076  1079
1076  1080
1077  1078
1077  1079
1077  1080
1078  1079
1078  1080
1079  1080
