Problem name: hamming3x3x4x4x7.txt 	 Optimal solution = 144
1008 1008 8064
1  2
1  3
1  4
1  5
1  6
1  7
1  8
1  15
1  22
1  29
1  57
1  85
1  113
1  225
1  337
1  673
2  3
2  4
2  5
2  6
2  7
2  9
2  16
2  23
2  30
2  58
2  86
2  114
2  226
2  338
2  674
3  4
3  5
3  6
3  7
3  10
3  17
3  24
3  31
3  59
3  87
3  115
3  227
3  339
3  675
4  5
4  6
4  7
4  11
4  18
4  25
4  32
4  60
4  88
4  116
4  228
4  340
4  676
5  6
5  7
5  12
5  19
5  26
5  33
5  61
5  89
5  117
5  229
5  341
5  677
6  7
6  13
6  20
6  27
6  34
6  62
6  90
6  118
6  230
6  342
6  678
7  14
7  21
7  28
7  35
7  63
7  91
7  119
7  231
7  343
7  679
8  9
8  10
8  11
8  12
8  13
8  14
8  15
8  22
8  36
8  64
8  92
8  120
8  232
8  344
8  680
9  10
9  11
9  12
9  13
9  14
9  16
9  23
9  37
9  65
9  93
9  121
9  233
9  345
9  681
10  11
10  12
10  13
10  14
10  17
10  24
10  38
10  66
10  94
10  122
10  234
10  346
10  682
11  12
11  13
11  14
11  18
11  25
11  39
11  67
11  95
11  123
11  235
11  347
11  683
12  13
12  14
12  19
12  26
12  40
12  68
12  96
12  124
12  236
12  348
12  684
13  14
13  20
13  27
13  41
13  69
13  97
13  125
13  237
13  349
13  685
14  21
14  28
14  42
14  70
14  98
14  126
14  238
14  350
14  686
15  16
15  17
15  18
15  19
15  20
15  21
15  22
15  43
15  71
15  99
15  127
15  239
15  351
15  687
16  17
16  18
16  19
16  20
16  21
16  23
16  44
16  72
16  100
16  128
16  240
16  352
16  688
17  18
17  19
17  20
17  21
17  24
17  45
17  73
17  101
17  129
17  241
17  353
17  689
18  19
18  20
18  21
18  25
18  46
18  74
18  102
18  130
18  242
18  354
18  690
19  20
19  21
19  26
19  47
19  75
19  103
19  131
19  243
19  355
19  691
20  21
20  27
20  48
20  76
20  104
20  132
20  244
20  356
20  692
21  28
21  49
21  77
21  105
21  133
21  245
21  357
21  693
22  23
22  24
22  25
22  26
22  27
22  28
22  50
22  78
22  106
22  134
22  246
22  358
22  694
23  24
23  25
23  26
23  27
23  28
23  51
23  79
23  107
23  135
23  247
23  359
23  695
24  25
24  26
24  27
24  28
24  52
24  80
24  108
24  136
24  248
24  360
24  696
25  26
25  27
25  28
25  53
25  81
25  109
25  137
25  249
25  361
25  697
26  27
26  28
26  54
26  82
26  110
26  138
26  250
26  362
26  698
27  28
27  55
27  83
27  111
27  139
27  251
27  363
27  699
28  56
28  84
28  112
28  140
28  252
28  364
28  700
29  30
29  31
29  32
29  33
29  34
29  35
29  36
29  43
29  50
29  57
29  85
29  141
29  253
29  365
29  701
30  31
30  32
30  33
30  34
30  35
30  37
30  44
30  51
30  58
30  86
30  142
30  254
30  366
30  702
31  32
31  33
31  34
31  35
31  38
31  45
31  52
31  59
31  87
31  143
31  255
31  367
31  703
32  33
32  34
32  35
32  39
32  46
32  53
32  60
32  88
32  144
32  256
32  368
32  704
33  34
33  35
33  40
33  47
33  54
33  61
33  89
33  145
33  257
33  369
33  705
34  35
34  41
34  48
34  55
34  62
34  90
34  146
34  258
34  370
34  706
35  42
35  49
35  56
35  63
35  91
35  147
35  259
35  371
35  707
36  37
36  38
36  39
36  40
36  41
36  42
36  43
36  50
36  64
36  92
36  148
36  260
36  372
36  708
37  38
37  39
37  40
37  41
37  42
37  44
37  51
37  65
37  93
37  149
37  261
37  373
37  709
38  39
38  40
38  41
38  42
38  45
38  52
38  66
38  94
38  150
38  262
38  374
38  710
39  40
39  41
39  42
39  46
39  53
39  67
39  95
39  151
39  263
39  375
39  711
40  41
40  42
40  47
40  54
40  68
40  96
40  152
40  264
40  376
40  712
41  42
41  48
41  55
41  69
41  97
41  153
41  265
41  377
41  713
42  49
42  56
42  70
42  98
42  154
42  266
42  378
42  714
43  44
43  45
43  46
43  47
43  48
43  49
43  50
43  71
43  99
43  155
43  267
43  379
43  715
44  45
44  46
44  47
44  48
44  49
44  51
44  72
44  100
44  156
44  268
44  380
44  716
45  46
45  47
45  48
45  49
45  52
45  73
45  101
45  157
45  269
45  381
45  717
46  47
46  48
46  49
46  53
46  74
46  102
46  158
46  270
46  382
46  718
47  48
47  49
47  54
47  75
47  103
47  159
47  271
47  383
47  719
48  49
48  55
48  76
48  104
48  160
48  272
48  384
48  720
49  56
49  77
49  105
49  161
49  273
49  385
49  721
50  51
50  52
50  53
50  54
50  55
50  56
50  78
50  106
50  162
50  274
50  386
50  722
51  52
51  53
51  54
51  55
51  56
51  79
51  107
51  163
51  275
51  387
51  723
52  53
52  54
52  55
52  56
52  80
52  108
52  164
52  276
52  388
52  724
53  54
53  55
53  56
53  81
53  109
53  165
53  277
53  389
53  725
54  55
54  56
54  82
54  110
54  166
54  278
54  390
54  726
55  56
55  83
55  111
55  167
55  279
55  391
55  727
56  84
56  112
56  168
56  280
56  392
56  728
57  58
57  59
57  60
57  61
57  62
57  63
57  64
57  71
57  78
57  85
57  169
57  281
57  393
57  729
58  59
58  60
58  61
58  62
58  63
58  65
58  72
58  79
58  86
58  170
58  282
58  394
58  730
59  60
59  61
59  62
59  63
59  66
59  73
59  80
59  87
59  171
59  283
59  395
59  731
60  61
60  62
60  63
60  67
60  74
60  81
60  88
60  172
60  284
60  396
60  732
61  62
61  63
61  68
61  75
61  82
61  89
61  173
61  285
61  397
61  733
62  63
62  69
62  76
62  83
62  90
62  174
62  286
62  398
62  734
63  70
63  77
63  84
63  91
63  175
63  287
63  399
63  735
64  65
64  66
64  67
64  68
64  69
64  70
64  71
64  78
64  92
64  176
64  288
64  400
64  736
65  66
65  67
65  68
65  69
65  70
65  72
65  79
65  93
65  177
65  289
65  401
65  737
66  67
66  68
66  69
66  70
66  73
66  80
66  94
66  178
66  290
66  402
66  738
67  68
67  69
67  70
67  74
67  81
67  95
67  179
67  291
67  403
67  739
68  69
68  70
68  75
68  82
68  96
68  180
68  292
68  404
68  740
69  70
69  76
69  83
69  97
69  181
69  293
69  405
69  741
70  77
70  84
70  98
70  182
70  294
70  406
70  742
71  72
71  73
71  74
71  75
71  76
71  77
71  78
71  99
71  183
71  295
71  407
71  743
72  73
72  74
72  75
72  76
72  77
72  79
72  100
72  184
72  296
72  408
72  744
73  74
73  75
73  76
73  77
73  80
73  101
73  185
73  297
73  409
73  745
74  75
74  76
74  77
74  81
74  102
74  186
74  298
74  410
74  746
75  76
75  77
75  82
75  103
75  187
75  299
75  411
75  747
76  77
76  83
76  104
76  188
76  300
76  412
76  748
77  84
77  105
77  189
77  301
77  413
77  749
78  79
78  80
78  81
78  82
78  83
78  84
78  106
78  190
78  302
78  414
78  750
79  80
79  81
79  82
79  83
79  84
79  107
79  191
79  303
79  415
79  751
80  81
80  82
80  83
80  84
80  108
80  192
80  304
80  416
80  752
81  82
81  83
81  84
81  109
81  193
81  305
81  417
81  753
82  83
82  84
82  110
82  194
82  306
82  418
82  754
83  84
83  111
83  195
83  307
83  419
83  755
84  112
84  196
84  308
84  420
84  756
85  86
85  87
85  88
85  89
85  90
85  91
85  92
85  99
85  106
85  197
85  309
85  421
85  757
86  87
86  88
86  89
86  90
86  91
86  93
86  100
86  107
86  198
86  310
86  422
86  758
87  88
87  89
87  90
87  91
87  94
87  101
87  108
87  199
87  311
87  423
87  759
88  89
88  90
88  91
88  95
88  102
88  109
88  200
88  312
88  424
88  760
89  90
89  91
89  96
89  103
89  110
89  201
89  313
89  425
89  761
90  91
90  97
90  104
90  111
90  202
90  314
90  426
90  762
91  98
91  105
91  112
91  203
91  315
91  427
91  763
92  93
92  94
92  95
92  96
92  97
92  98
92  99
92  106
92  204
92  316
92  428
92  764
93  94
93  95
93  96
93  97
93  98
93  100
93  107
93  205
93  317
93  429
93  765
94  95
94  96
94  97
94  98
94  101
94  108
94  206
94  318
94  430
94  766
95  96
95  97
95  98
95  102
95  109
95  207
95  319
95  431
95  767
96  97
96  98
96  103
96  110
96  208
96  320
96  432
96  768
97  98
97  104
97  111
97  209
97  321
97  433
97  769
98  105
98  112
98  210
98  322
98  434
98  770
99  100
99  101
99  102
99  103
99  104
99  105
99  106
99  211
99  323
99  435
99  771
100  101
100  102
100  103
100  104
100  105
100  107
100  212
100  324
100  436
100  772
101  102
101  103
101  104
101  105
101  108
101  213
101  325
101  437
101  773
102  103
102  104
102  105
102  109
102  214
102  326
102  438
102  774
103  104
103  105
103  110
103  215
103  327
103  439
103  775
104  105
104  111
104  216
104  328
104  440
104  776
105  112
105  217
105  329
105  441
105  777
106  107
106  108
106  109
106  110
106  111
106  112
106  218
106  330
106  442
106  778
107  108
107  109
107  110
107  111
107  112
107  219
107  331
107  443
107  779
108  109
108  110
108  111
108  112
108  220
108  332
108  444
108  780
109  110
109  111
109  112
109  221
109  333
109  445
109  781
110  111
110  112
110  222
110  334
110  446
110  782
111  112
111  223
111  335
111  447
111  783
112  224
112  336
112  448
112  784
113  114
113  115
113  116
113  117
113  118
113  119
113  120
113  127
113  134
113  141
113  169
113  197
113  225
113  449
113  785
114  115
114  116
114  117
114  118
114  119
114  121
114  128
114  135
114  142
114  170
114  198
114  226
114  450
114  786
115  116
115  117
115  118
115  119
115  122
115  129
115  136
115  143
115  171
115  199
115  227
115  451
115  787
116  117
116  118
116  119
116  123
116  130
116  137
116  144
116  172
116  200
116  228
116  452
116  788
117  118
117  119
117  124
117  131
117  138
117  145
117  173
117  201
117  229
117  453
117  789
118  119
118  125
118  132
118  139
118  146
118  174
118  202
118  230
118  454
118  790
119  126
119  133
119  140
119  147
119  175
119  203
119  231
119  455
119  791
120  121
120  122
120  123
120  124
120  125
120  126
120  127
120  134
120  148
120  176
120  204
120  232
120  456
120  792
121  122
121  123
121  124
121  125
121  126
121  128
121  135
121  149
121  177
121  205
121  233
121  457
121  793
122  123
122  124
122  125
122  126
122  129
122  136
122  150
122  178
122  206
122  234
122  458
122  794
123  124
123  125
123  126
123  130
123  137
123  151
123  179
123  207
123  235
123  459
123  795
124  125
124  126
124  131
124  138
124  152
124  180
124  208
124  236
124  460
124  796
125  126
125  132
125  139
125  153
125  181
125  209
125  237
125  461
125  797
126  133
126  140
126  154
126  182
126  210
126  238
126  462
126  798
127  128
127  129
127  130
127  131
127  132
127  133
127  134
127  155
127  183
127  211
127  239
127  463
127  799
128  129
128  130
128  131
128  132
128  133
128  135
128  156
128  184
128  212
128  240
128  464
128  800
129  130
129  131
129  132
129  133
129  136
129  157
129  185
129  213
129  241
129  465
129  801
130  131
130  132
130  133
130  137
130  158
130  186
130  214
130  242
130  466
130  802
131  132
131  133
131  138
131  159
131  187
131  215
131  243
131  467
131  803
132  133
132  139
132  160
132  188
132  216
132  244
132  468
132  804
133  140
133  161
133  189
133  217
133  245
133  469
133  805
134  135
134  136
134  137
134  138
134  139
134  140
134  162
134  190
134  218
134  246
134  470
134  806
135  136
135  137
135  138
135  139
135  140
135  163
135  191
135  219
135  247
135  471
135  807
136  137
136  138
136  139
136  140
136  164
136  192
136  220
136  248
136  472
136  808
137  138
137  139
137  140
137  165
137  193
137  221
137  249
137  473
137  809
138  139
138  140
138  166
138  194
138  222
138  250
138  474
138  810
139  140
139  167
139  195
139  223
139  251
139  475
139  811
140  168
140  196
140  224
140  252
140  476
140  812
141  142
141  143
141  144
141  145
141  146
141  147
141  148
141  155
141  162
141  169
141  197
141  253
141  477
141  813
142  143
142  144
142  145
142  146
142  147
142  149
142  156
142  163
142  170
142  198
142  254
142  478
142  814
143  144
143  145
143  146
143  147
143  150
143  157
143  164
143  171
143  199
143  255
143  479
143  815
144  145
144  146
144  147
144  151
144  158
144  165
144  172
144  200
144  256
144  480
144  816
145  146
145  147
145  152
145  159
145  166
145  173
145  201
145  257
145  481
145  817
146  147
146  153
146  160
146  167
146  174
146  202
146  258
146  482
146  818
147  154
147  161
147  168
147  175
147  203
147  259
147  483
147  819
148  149
148  150
148  151
148  152
148  153
148  154
148  155
148  162
148  176
148  204
148  260
148  484
148  820
149  150
149  151
149  152
149  153
149  154
149  156
149  163
149  177
149  205
149  261
149  485
149  821
150  151
150  152
150  153
150  154
150  157
150  164
150  178
150  206
150  262
150  486
150  822
151  152
151  153
151  154
151  158
151  165
151  179
151  207
151  263
151  487
151  823
152  153
152  154
152  159
152  166
152  180
152  208
152  264
152  488
152  824
153  154
153  160
153  167
153  181
153  209
153  265
153  489
153  825
154  161
154  168
154  182
154  210
154  266
154  490
154  826
155  156
155  157
155  158
155  159
155  160
155  161
155  162
155  183
155  211
155  267
155  491
155  827
156  157
156  158
156  159
156  160
156  161
156  163
156  184
156  212
156  268
156  492
156  828
157  158
157  159
157  160
157  161
157  164
157  185
157  213
157  269
157  493
157  829
158  159
158  160
158  161
158  165
158  186
158  214
158  270
158  494
158  830
159  160
159  161
159  166
159  187
159  215
159  271
159  495
159  831
160  161
160  167
160  188
160  216
160  272
160  496
160  832
161  168
161  189
161  217
161  273
161  497
161  833
162  163
162  164
162  165
162  166
162  167
162  168
162  190
162  218
162  274
162  498
162  834
163  164
163  165
163  166
163  167
163  168
163  191
163  219
163  275
163  499
163  835
164  165
164  166
164  167
164  168
164  192
164  220
164  276
164  500
164  836
165  166
165  167
165  168
165  193
165  221
165  277
165  501
165  837
166  167
166  168
166  194
166  222
166  278
166  502
166  838
167  168
167  195
167  223
167  279
167  503
167  839
168  196
168  224
168  280
168  504
168  840
169  170
169  171
169  172
169  173
169  174
169  175
169  176
169  183
169  190
169  197
169  281
169  505
169  841
170  171
170  172
170  173
170  174
170  175
170  177
170  184
170  191
170  198
170  282
170  506
170  842
171  172
171  173
171  174
171  175
171  178
171  185
171  192
171  199
171  283
171  507
171  843
172  173
172  174
172  175
172  179
172  186
172  193
172  200
172  284
172  508
172  844
173  174
173  175
173  180
173  187
173  194
173  201
173  285
173  509
173  845
174  175
174  181
174  188
174  195
174  202
174  286
174  510
174  846
175  182
175  189
175  196
175  203
175  287
175  511
175  847
176  177
176  178
176  179
176  180
176  181
176  182
176  183
176  190
176  204
176  288
176  512
176  848
177  178
177  179
177  180
177  181
177  182
177  184
177  191
177  205
177  289
177  513
177  849
178  179
178  180
178  181
178  182
178  185
178  192
178  206
178  290
178  514
178  850
179  180
179  181
179  182
179  186
179  193
179  207
179  291
179  515
179  851
180  181
180  182
180  187
180  194
180  208
180  292
180  516
180  852
181  182
181  188
181  195
181  209
181  293
181  517
181  853
182  189
182  196
182  210
182  294
182  518
182  854
183  184
183  185
183  186
183  187
183  188
183  189
183  190
183  211
183  295
183  519
183  855
184  185
184  186
184  187
184  188
184  189
184  191
184  212
184  296
184  520
184  856
185  186
185  187
185  188
185  189
185  192
185  213
185  297
185  521
185  857
186  187
186  188
186  189
186  193
186  214
186  298
186  522
186  858
187  188
187  189
187  194
187  215
187  299
187  523
187  859
188  189
188  195
188  216
188  300
188  524
188  860
189  196
189  217
189  301
189  525
189  861
190  191
190  192
190  193
190  194
190  195
190  196
190  218
190  302
190  526
190  862
191  192
191  193
191  194
191  195
191  196
191  219
191  303
191  527
191  863
192  193
192  194
192  195
192  196
192  220
192  304
192  528
192  864
193  194
193  195
193  196
193  221
193  305
193  529
193  865
194  195
194  196
194  222
194  306
194  530
194  866
195  196
195  223
195  307
195  531
195  867
196  224
196  308
196  532
196  868
197  198
197  199
197  200
197  201
197  202
197  203
197  204
197  211
197  218
197  309
197  533
197  869
198  199
198  200
198  201
198  202
198  203
198  205
198  212
198  219
198  310
198  534
198  870
199  200
199  201
199  202
199  203
199  206
199  213
199  220
199  311
199  535
199  871
200  201
200  202
200  203
200  207
200  214
200  221
200  312
200  536
200  872
201  202
201  203
201  208
201  215
201  222
201  313
201  537
201  873
202  203
202  209
202  216
202  223
202  314
202  538
202  874
203  210
203  217
203  224
203  315
203  539
203  875
204  205
204  206
204  207
204  208
204  209
204  210
204  211
204  218
204  316
204  540
204  876
205  206
205  207
205  208
205  209
205  210
205  212
205  219
205  317
205  541
205  877
206  207
206  208
206  209
206  210
206  213
206  220
206  318
206  542
206  878
207  208
207  209
207  210
207  214
207  221
207  319
207  543
207  879
208  209
208  210
208  215
208  222
208  320
208  544
208  880
209  210
209  216
209  223
209  321
209  545
209  881
210  217
210  224
210  322
210  546
210  882
211  212
211  213
211  214
211  215
211  216
211  217
211  218
211  323
211  547
211  883
212  213
212  214
212  215
212  216
212  217
212  219
212  324
212  548
212  884
213  214
213  215
213  216
213  217
213  220
213  325
213  549
213  885
214  215
214  216
214  217
214  221
214  326
214  550
214  886
215  216
215  217
215  222
215  327
215  551
215  887
216  217
216  223
216  328
216  552
216  888
217  224
217  329
217  553
217  889
218  219
218  220
218  221
218  222
218  223
218  224
218  330
218  554
218  890
219  220
219  221
219  222
219  223
219  224
219  331
219  555
219  891
220  221
220  222
220  223
220  224
220  332
220  556
220  892
221  222
221  223
221  224
221  333
221  557
221  893
222  223
222  224
222  334
222  558
222  894
223  224
223  335
223  559
223  895
224  336
224  560
224  896
225  226
225  227
225  228
225  229
225  230
225  231
225  232
225  239
225  246
225  253
225  281
225  309
225  561
225  897
226  227
226  228
226  229
226  230
226  231
226  233
226  240
226  247
226  254
226  282
226  310
226  562
226  898
227  228
227  229
227  230
227  231
227  234
227  241
227  248
227  255
227  283
227  311
227  563
227  899
228  229
228  230
228  231
228  235
228  242
228  249
228  256
228  284
228  312
228  564
228  900
229  230
229  231
229  236
229  243
229  250
229  257
229  285
229  313
229  565
229  901
230  231
230  237
230  244
230  251
230  258
230  286
230  314
230  566
230  902
231  238
231  245
231  252
231  259
231  287
231  315
231  567
231  903
232  233
232  234
232  235
232  236
232  237
232  238
232  239
232  246
232  260
232  288
232  316
232  568
232  904
233  234
233  235
233  236
233  237
233  238
233  240
233  247
233  261
233  289
233  317
233  569
233  905
234  235
234  236
234  237
234  238
234  241
234  248
234  262
234  290
234  318
234  570
234  906
235  236
235  237
235  238
235  242
235  249
235  263
235  291
235  319
235  571
235  907
236  237
236  238
236  243
236  250
236  264
236  292
236  320
236  572
236  908
237  238
237  244
237  251
237  265
237  293
237  321
237  573
237  909
238  245
238  252
238  266
238  294
238  322
238  574
238  910
239  240
239  241
239  242
239  243
239  244
239  245
239  246
239  267
239  295
239  323
239  575
239  911
240  241
240  242
240  243
240  244
240  245
240  247
240  268
240  296
240  324
240  576
240  912
241  242
241  243
241  244
241  245
241  248
241  269
241  297
241  325
241  577
241  913
242  243
242  244
242  245
242  249
242  270
242  298
242  326
242  578
242  914
243  244
243  245
243  250
243  271
243  299
243  327
243  579
243  915
244  245
244  251
244  272
244  300
244  328
244  580
244  916
245  252
245  273
245  301
245  329
245  581
245  917
246  247
246  248
246  249
246  250
246  251
246  252
246  274
246  302
246  330
246  582
246  918
247  248
247  249
247  250
247  251
247  252
247  275
247  303
247  331
247  583
247  919
248  249
248  250
248  251
248  252
248  276
248  304
248  332
248  584
248  920
249  250
249  251
249  252
249  277
249  305
249  333
249  585
249  921
250  251
250  252
250  278
250  306
250  334
250  586
250  922
251  252
251  279
251  307
251  335
251  587
251  923
252  280
252  308
252  336
252  588
252  924
253  254
253  255
253  256
253  257
253  258
253  259
253  260
253  267
253  274
253  281
253  309
253  589
253  925
254  255
254  256
254  257
254  258
254  259
254  261
254  268
254  275
254  282
254  310
254  590
254  926
255  256
255  257
255  258
255  259
255  262
255  269
255  276
255  283
255  311
255  591
255  927
256  257
256  258
256  259
256  263
256  270
256  277
256  284
256  312
256  592
256  928
257  258
257  259
257  264
257  271
257  278
257  285
257  313
257  593
257  929
258  259
258  265
258  272
258  279
258  286
258  314
258  594
258  930
259  266
259  273
259  280
259  287
259  315
259  595
259  931
260  261
260  262
260  263
260  264
260  265
260  266
260  267
260  274
260  288
260  316
260  596
260  932
261  262
261  263
261  264
261  265
261  266
261  268
261  275
261  289
261  317
261  597
261  933
262  263
262  264
262  265
262  266
262  269
262  276
262  290
262  318
262  598
262  934
263  264
263  265
263  266
263  270
263  277
263  291
263  319
263  599
263  935
264  265
264  266
264  271
264  278
264  292
264  320
264  600
264  936
265  266
265  272
265  279
265  293
265  321
265  601
265  937
266  273
266  280
266  294
266  322
266  602
266  938
267  268
267  269
267  270
267  271
267  272
267  273
267  274
267  295
267  323
267  603
267  939
268  269
268  270
268  271
268  272
268  273
268  275
268  296
268  324
268  604
268  940
269  270
269  271
269  272
269  273
269  276
269  297
269  325
269  605
269  941
270  271
270  272
270  273
270  277
270  298
270  326
270  606
270  942
271  272
271  273
271  278
271  299
271  327
271  607
271  943
272  273
272  279
272  300
272  328
272  608
272  944
273  280
273  301
273  329
273  609
273  945
274  275
274  276
274  277
274  278
274  279
274  280
274  302
274  330
274  610
274  946
275  276
275  277
275  278
275  279
275  280
275  303
275  331
275  611
275  947
276  277
276  278
276  279
276  280
276  304
276  332
276  612
276  948
277  278
277  279
277  280
277  305
277  333
277  613
277  949
278  279
278  280
278  306
278  334
278  614
278  950
279  280
279  307
279  335
279  615
279  951
280  308
280  336
280  616
280  952
281  282
281  283
281  284
281  285
281  286
281  287
281  288
281  295
281  302
281  309
281  617
281  953
282  283
282  284
282  285
282  286
282  287
282  289
282  296
282  303
282  310
282  618
282  954
283  284
283  285
283  286
283  287
283  290
283  297
283  304
283  311
283  619
283  955
284  285
284  286
284  287
284  291
284  298
284  305
284  312
284  620
284  956
285  286
285  287
285  292
285  299
285  306
285  313
285  621
285  957
286  287
286  293
286  300
286  307
286  314
286  622
286  958
287  294
287  301
287  308
287  315
287  623
287  959
288  289
288  290
288  291
288  292
288  293
288  294
288  295
288  302
288  316
288  624
288  960
289  290
289  291
289  292
289  293
289  294
289  296
289  303
289  317
289  625
289  961
290  291
290  292
290  293
290  294
290  297
290  304
290  318
290  626
290  962
291  292
291  293
291  294
291  298
291  305
291  319
291  627
291  963
292  293
292  294
292  299
292  306
292  320
292  628
292  964
293  294
293  300
293  307
293  321
293  629
293  965
294  301
294  308
294  322
294  630
294  966
295  296
295  297
295  298
295  299
295  300
295  301
295  302
295  323
295  631
295  967
296  297
296  298
296  299
296  300
296  301
296  303
296  324
296  632
296  968
297  298
297  299
297  300
297  301
297  304
297  325
297  633
297  969
298  299
298  300
298  301
298  305
298  326
298  634
298  970
299  300
299  301
299  306
299  327
299  635
299  971
300  301
300  307
300  328
300  636
300  972
301  308
301  329
301  637
301  973
302  303
302  304
302  305
302  306
302  307
302  308
302  330
302  638
302  974
303  304
303  305
303  306
303  307
303  308
303  331
303  639
303  975
304  305
304  306
304  307
304  308
304  332
304  640
304  976
305  306
305  307
305  308
305  333
305  641
305  977
306  307
306  308
306  334
306  642
306  978
307  308
307  335
307  643
307  979
308  336
308  644
308  980
309  310
309  311
309  312
309  313
309  314
309  315
309  316
309  323
309  330
309  645
309  981
310  311
310  312
310  313
310  314
310  315
310  317
310  324
310  331
310  646
310  982
311  312
311  313
311  314
311  315
311  318
311  325
311  332
311  647
311  983
312  313
312  314
312  315
312  319
312  326
312  333
312  648
312  984
313  314
313  315
313  320
313  327
313  334
313  649
313  985
314  315
314  321
314  328
314  335
314  650
314  986
315  322
315  329
315  336
315  651
315  987
316  317
316  318
316  319
316  320
316  321
316  322
316  323
316  330
316  652
316  988
317  318
317  319
317  320
317  321
317  322
317  324
317  331
317  653
317  989
318  319
318  320
318  321
318  322
318  325
318  332
318  654
318  990
319  320
319  321
319  322
319  326
319  333
319  655
319  991
320  321
320  322
320  327
320  334
320  656
320  992
321  322
321  328
321  335
321  657
321  993
322  329
322  336
322  658
322  994
323  324
323  325
323  326
323  327
323  328
323  329
323  330
323  659
323  995
324  325
324  326
324  327
324  328
324  329
324  331
324  660
324  996
325  326
325  327
325  328
325  329
325  332
325  661
325  997
326  327
326  328
326  329
326  333
326  662
326  998
327  328
327  329
327  334
327  663
327  999
328  329
328  335
328  664
328  1000
329  336
329  665
329  1001
330  331
330  332
330  333
330  334
330  335
330  336
330  666
330  1002
331  332
331  333
331  334
331  335
331  336
331  667
331  1003
332  333
332  334
332  335
332  336
332  668
332  1004
333  334
333  335
333  336
333  669
333  1005
334  335
334  336
334  670
334  1006
335  336
335  671
335  1007
336  672
336  1008
337  338
337  339
337  340
337  341
337  342
337  343
337  344
337  351
337  358
337  365
337  393
337  421
337  449
337  561
337  673
338  339
338  340
338  341
338  342
338  343
338  345
338  352
338  359
338  366
338  394
338  422
338  450
338  562
338  674
339  340
339  341
339  342
339  343
339  346
339  353
339  360
339  367
339  395
339  423
339  451
339  563
339  675
340  341
340  342
340  343
340  347
340  354
340  361
340  368
340  396
340  424
340  452
340  564
340  676
341  342
341  343
341  348
341  355
341  362
341  369
341  397
341  425
341  453
341  565
341  677
342  343
342  349
342  356
342  363
342  370
342  398
342  426
342  454
342  566
342  678
343  350
343  357
343  364
343  371
343  399
343  427
343  455
343  567
343  679
344  345
344  346
344  347
344  348
344  349
344  350
344  351
344  358
344  372
344  400
344  428
344  456
344  568
344  680
345  346
345  347
345  348
345  349
345  350
345  352
345  359
345  373
345  401
345  429
345  457
345  569
345  681
346  347
346  348
346  349
346  350
346  353
346  360
346  374
346  402
346  430
346  458
346  570
346  682
347  348
347  349
347  350
347  354
347  361
347  375
347  403
347  431
347  459
347  571
347  683
348  349
348  350
348  355
348  362
348  376
348  404
348  432
348  460
348  572
348  684
349  350
349  356
349  363
349  377
349  405
349  433
349  461
349  573
349  685
350  357
350  364
350  378
350  406
350  434
350  462
350  574
350  686
351  352
351  353
351  354
351  355
351  356
351  357
351  358
351  379
351  407
351  435
351  463
351  575
351  687
352  353
352  354
352  355
352  356
352  357
352  359
352  380
352  408
352  436
352  464
352  576
352  688
353  354
353  355
353  356
353  357
353  360
353  381
353  409
353  437
353  465
353  577
353  689
354  355
354  356
354  357
354  361
354  382
354  410
354  438
354  466
354  578
354  690
355  356
355  357
355  362
355  383
355  411
355  439
355  467
355  579
355  691
356  357
356  363
356  384
356  412
356  440
356  468
356  580
356  692
357  364
357  385
357  413
357  441
357  469
357  581
357  693
358  359
358  360
358  361
358  362
358  363
358  364
358  386
358  414
358  442
358  470
358  582
358  694
359  360
359  361
359  362
359  363
359  364
359  387
359  415
359  443
359  471
359  583
359  695
360  361
360  362
360  363
360  364
360  388
360  416
360  444
360  472
360  584
360  696
361  362
361  363
361  364
361  389
361  417
361  445
361  473
361  585
361  697
362  363
362  364
362  390
362  418
362  446
362  474
362  586
362  698
363  364
363  391
363  419
363  447
363  475
363  587
363  699
364  392
364  420
364  448
364  476
364  588
364  700
365  366
365  367
365  368
365  369
365  370
365  371
365  372
365  379
365  386
365  393
365  421
365  477
365  589
365  701
366  367
366  368
366  369
366  370
366  371
366  373
366  380
366  387
366  394
366  422
366  478
366  590
366  702
367  368
367  369
367  370
367  371
367  374
367  381
367  388
367  395
367  423
367  479
367  591
367  703
368  369
368  370
368  371
368  375
368  382
368  389
368  396
368  424
368  480
368  592
368  704
369  370
369  371
369  376
369  383
369  390
369  397
369  425
369  481
369  593
369  705
370  371
370  377
370  384
370  391
370  398
370  426
370  482
370  594
370  706
371  378
371  385
371  392
371  399
371  427
371  483
371  595
371  707
372  373
372  374
372  375
372  376
372  377
372  378
372  379
372  386
372  400
372  428
372  484
372  596
372  708
373  374
373  375
373  376
373  377
373  378
373  380
373  387
373  401
373  429
373  485
373  597
373  709
374  375
374  376
374  377
374  378
374  381
374  388
374  402
374  430
374  486
374  598
374  710
375  376
375  377
375  378
375  382
375  389
375  403
375  431
375  487
375  599
375  711
376  377
376  378
376  383
376  390
376  404
376  432
376  488
376  600
376  712
377  378
377  384
377  391
377  405
377  433
377  489
377  601
377  713
378  385
378  392
378  406
378  434
378  490
378  602
378  714
379  380
379  381
379  382
379  383
379  384
379  385
379  386
379  407
379  435
379  491
379  603
379  715
380  381
380  382
380  383
380  384
380  385
380  387
380  408
380  436
380  492
380  604
380  716
381  382
381  383
381  384
381  385
381  388
381  409
381  437
381  493
381  605
381  717
382  383
382  384
382  385
382  389
382  410
382  438
382  494
382  606
382  718
383  384
383  385
383  390
383  411
383  439
383  495
383  607
383  719
384  385
384  391
384  412
384  440
384  496
384  608
384  720
385  392
385  413
385  441
385  497
385  609
385  721
386  387
386  388
386  389
386  390
386  391
386  392
386  414
386  442
386  498
386  610
386  722
387  388
387  389
387  390
387  391
387  392
387  415
387  443
387  499
387  611
387  723
388  389
388  390
388  391
388  392
388  416
388  444
388  500
388  612
388  724
389  390
389  391
389  392
389  417
389  445
389  501
389  613
389  725
390  391
390  392
390  418
390  446
390  502
390  614
390  726
391  392
391  419
391  447
391  503
391  615
391  727
392  420
392  448
392  504
392  616
392  728
393  394
393  395
393  396
393  397
393  398
393  399
393  400
393  407
393  414
393  421
393  505
393  617
393  729
394  395
394  396
394  397
394  398
394  399
394  401
394  408
394  415
394  422
394  506
394  618
394  730
395  396
395  397
395  398
395  399
395  402
395  409
395  416
395  423
395  507
395  619
395  731
396  397
396  398
396  399
396  403
396  410
396  417
396  424
396  508
396  620
396  732
397  398
397  399
397  404
397  411
397  418
397  425
397  509
397  621
397  733
398  399
398  405
398  412
398  419
398  426
398  510
398  622
398  734
399  406
399  413
399  420
399  427
399  511
399  623
399  735
400  401
400  402
400  403
400  404
400  405
400  406
400  407
400  414
400  428
400  512
400  624
400  736
401  402
401  403
401  404
401  405
401  406
401  408
401  415
401  429
401  513
401  625
401  737
402  403
402  404
402  405
402  406
402  409
402  416
402  430
402  514
402  626
402  738
403  404
403  405
403  406
403  410
403  417
403  431
403  515
403  627
403  739
404  405
404  406
404  411
404  418
404  432
404  516
404  628
404  740
405  406
405  412
405  419
405  433
405  517
405  629
405  741
406  413
406  420
406  434
406  518
406  630
406  742
407  408
407  409
407  410
407  411
407  412
407  413
407  414
407  435
407  519
407  631
407  743
408  409
408  410
408  411
408  412
408  413
408  415
408  436
408  520
408  632
408  744
409  410
409  411
409  412
409  413
409  416
409  437
409  521
409  633
409  745
410  411
410  412
410  413
410  417
410  438
410  522
410  634
410  746
411  412
411  413
411  418
411  439
411  523
411  635
411  747
412  413
412  419
412  440
412  524
412  636
412  748
413  420
413  441
413  525
413  637
413  749
414  415
414  416
414  417
414  418
414  419
414  420
414  442
414  526
414  638
414  750
415  416
415  417
415  418
415  419
415  420
415  443
415  527
415  639
415  751
416  417
416  418
416  419
416  420
416  444
416  528
416  640
416  752
417  418
417  419
417  420
417  445
417  529
417  641
417  753
418  419
418  420
418  446
418  530
418  642
418  754
419  420
419  447
419  531
419  643
419  755
420  448
420  532
420  644
420  756
421  422
421  423
421  424
421  425
421  426
421  427
421  428
421  435
421  442
421  533
421  645
421  757
422  423
422  424
422  425
422  426
422  427
422  429
422  436
422  443
422  534
422  646
422  758
423  424
423  425
423  426
423  427
423  430
423  437
423  444
423  535
423  647
423  759
424  425
424  426
424  427
424  431
424  438
424  445
424  536
424  648
424  760
425  426
425  427
425  432
425  439
425  446
425  537
425  649
425  761
426  427
426  433
426  440
426  447
426  538
426  650
426  762
427  434
427  441
427  448
427  539
427  651
427  763
428  429
428  430
428  431
428  432
428  433
428  434
428  435
428  442
428  540
428  652
428  764
429  430
429  431
429  432
429  433
429  434
429  436
429  443
429  541
429  653
429  765
430  431
430  432
430  433
430  434
430  437
430  444
430  542
430  654
430  766
431  432
431  433
431  434
431  438
431  445
431  543
431  655
431  767
432  433
432  434
432  439
432  446
432  544
432  656
432  768
433  434
433  440
433  447
433  545
433  657
433  769
434  441
434  448
434  546
434  658
434  770
435  436
435  437
435  438
435  439
435  440
435  441
435  442
435  547
435  659
435  771
436  437
436  438
436  439
436  440
436  441
436  443
436  548
436  660
436  772
437  438
437  439
437  440
437  441
437  444
437  549
437  661
437  773
438  439
438  440
438  441
438  445
438  550
438  662
438  774
439  440
439  441
439  446
439  551
439  663
439  775
440  441
440  447
440  552
440  664
440  776
441  448
441  553
441  665
441  777
442  443
442  444
442  445
442  446
442  447
442  448
442  554
442  666
442  778
443  444
443  445
443  446
443  447
443  448
443  555
443  667
443  779
444  445
444  446
444  447
444  448
444  556
444  668
444  780
445  446
445  447
445  448
445  557
445  669
445  781
446  447
446  448
446  558
446  670
446  782
447  448
447  559
447  671
447  783
448  560
448  672
448  784
449  450
449  451
449  452
449  453
449  454
449  455
449  456
449  463
449  470
449  477
449  505
449  533
449  561
449  785
450  451
450  452
450  453
450  454
450  455
450  457
450  464
450  471
450  478
450  506
450  534
450  562
450  786
451  452
451  453
451  454
451  455
451  458
451  465
451  472
451  479
451  507
451  535
451  563
451  787
452  453
452  454
452  455
452  459
452  466
452  473
452  480
452  508
452  536
452  564
452  788
453  454
453  455
453  460
453  467
453  474
453  481
453  509
453  537
453  565
453  789
454  455
454  461
454  468
454  475
454  482
454  510
454  538
454  566
454  790
455  462
455  469
455  476
455  483
455  511
455  539
455  567
455  791
456  457
456  458
456  459
456  460
456  461
456  462
456  463
456  470
456  484
456  512
456  540
456  568
456  792
457  458
457  459
457  460
457  461
457  462
457  464
457  471
457  485
457  513
457  541
457  569
457  793
458  459
458  460
458  461
458  462
458  465
458  472
458  486
458  514
458  542
458  570
458  794
459  460
459  461
459  462
459  466
459  473
459  487
459  515
459  543
459  571
459  795
460  461
460  462
460  467
460  474
460  488
460  516
460  544
460  572
460  796
461  462
461  468
461  475
461  489
461  517
461  545
461  573
461  797
462  469
462  476
462  490
462  518
462  546
462  574
462  798
463  464
463  465
463  466
463  467
463  468
463  469
463  470
463  491
463  519
463  547
463  575
463  799
464  465
464  466
464  467
464  468
464  469
464  471
464  492
464  520
464  548
464  576
464  800
465  466
465  467
465  468
465  469
465  472
465  493
465  521
465  549
465  577
465  801
466  467
466  468
466  469
466  473
466  494
466  522
466  550
466  578
466  802
467  468
467  469
467  474
467  495
467  523
467  551
467  579
467  803
468  469
468  475
468  496
468  524
468  552
468  580
468  804
469  476
469  497
469  525
469  553
469  581
469  805
470  471
470  472
470  473
470  474
470  475
470  476
470  498
470  526
470  554
470  582
470  806
471  472
471  473
471  474
471  475
471  476
471  499
471  527
471  555
471  583
471  807
472  473
472  474
472  475
472  476
472  500
472  528
472  556
472  584
472  808
473  474
473  475
473  476
473  501
473  529
473  557
473  585
473  809
474  475
474  476
474  502
474  530
474  558
474  586
474  810
475  476
475  503
475  531
475  559
475  587
475  811
476  504
476  532
476  560
476  588
476  812
477  478
477  479
477  480
477  481
477  482
477  483
477  484
477  491
477  498
477  505
477  533
477  589
477  813
478  479
478  480
478  481
478  482
478  483
478  485
478  492
478  499
478  506
478  534
478  590
478  814
479  480
479  481
479  482
479  483
479  486
479  493
479  500
479  507
479  535
479  591
479  815
480  481
480  482
480  483
480  487
480  494
480  501
480  508
480  536
480  592
480  816
481  482
481  483
481  488
481  495
481  502
481  509
481  537
481  593
481  817
482  483
482  489
482  496
482  503
482  510
482  538
482  594
482  818
483  490
483  497
483  504
483  511
483  539
483  595
483  819
484  485
484  486
484  487
484  488
484  489
484  490
484  491
484  498
484  512
484  540
484  596
484  820
485  486
485  487
485  488
485  489
485  490
485  492
485  499
485  513
485  541
485  597
485  821
486  487
486  488
486  489
486  490
486  493
486  500
486  514
486  542
486  598
486  822
487  488
487  489
487  490
487  494
487  501
487  515
487  543
487  599
487  823
488  489
488  490
488  495
488  502
488  516
488  544
488  600
488  824
489  490
489  496
489  503
489  517
489  545
489  601
489  825
490  497
490  504
490  518
490  546
490  602
490  826
491  492
491  493
491  494
491  495
491  496
491  497
491  498
491  519
491  547
491  603
491  827
492  493
492  494
492  495
492  496
492  497
492  499
492  520
492  548
492  604
492  828
493  494
493  495
493  496
493  497
493  500
493  521
493  549
493  605
493  829
494  495
494  496
494  497
494  501
494  522
494  550
494  606
494  830
495  496
495  497
495  502
495  523
495  551
495  607
495  831
496  497
496  503
496  524
496  552
496  608
496  832
497  504
497  525
497  553
497  609
497  833
498  499
498  500
498  501
498  502
498  503
498  504
498  526
498  554
498  610
498  834
499  500
499  501
499  502
499  503
499  504
499  527
499  555
499  611
499  835
500  501
500  502
500  503
500  504
500  528
500  556
500  612
500  836
501  502
501  503
501  504
501  529
501  557
501  613
501  837
502  503
502  504
502  530
502  558
502  614
502  838
503  504
503  531
503  559
503  615
503  839
504  532
504  560
504  616
504  840
505  506
505  507
505  508
505  509
505  510
505  511
505  512
505  519
505  526
505  533
505  617
505  841
506  507
506  508
506  509
506  510
506  511
506  513
506  520
506  527
506  534
506  618
506  842
507  508
507  509
507  510
507  511
507  514
507  521
507  528
507  535
507  619
507  843
508  509
508  510
508  511
508  515
508  522
508  529
508  536
508  620
508  844
509  510
509  511
509  516
509  523
509  530
509  537
509  621
509  845
510  511
510  517
510  524
510  531
510  538
510  622
510  846
511  518
511  525
511  532
511  539
511  623
511  847
512  513
512  514
512  515
512  516
512  517
512  518
512  519
512  526
512  540
512  624
512  848
513  514
513  515
513  516
513  517
513  518
513  520
513  527
513  541
513  625
513  849
514  515
514  516
514  517
514  518
514  521
514  528
514  542
514  626
514  850
515  516
515  517
515  518
515  522
515  529
515  543
515  627
515  851
516  517
516  518
516  523
516  530
516  544
516  628
516  852
517  518
517  524
517  531
517  545
517  629
517  853
518  525
518  532
518  546
518  630
518  854
519  520
519  521
519  522
519  523
519  524
519  525
519  526
519  547
519  631
519  855
520  521
520  522
520  523
520  524
520  525
520  527
520  548
520  632
520  856
521  522
521  523
521  524
521  525
521  528
521  549
521  633
521  857
522  523
522  524
522  525
522  529
522  550
522  634
522  858
523  524
523  525
523  530
523  551
523  635
523  859
524  525
524  531
524  552
524  636
524  860
525  532
525  553
525  637
525  861
526  527
526  528
526  529
526  530
526  531
526  532
526  554
526  638
526  862
527  528
527  529
527  530
527  531
527  532
527  555
527  639
527  863
528  529
528  530
528  531
528  532
528  556
528  640
528  864
529  530
529  531
529  532
529  557
529  641
529  865
530  531
530  532
530  558
530  642
530  866
531  532
531  559
531  643
531  867
532  560
532  644
532  868
533  534
533  535
533  536
533  537
533  538
533  539
533  540
533  547
533  554
533  645
533  869
534  535
534  536
534  537
534  538
534  539
534  541
534  548
534  555
534  646
534  870
535  536
535  537
535  538
535  539
535  542
535  549
535  556
535  647
535  871
536  537
536  538
536  539
536  543
536  550
536  557
536  648
536  872
537  538
537  539
537  544
537  551
537  558
537  649
537  873
538  539
538  545
538  552
538  559
538  650
538  874
539  546
539  553
539  560
539  651
539  875
540  541
540  542
540  543
540  544
540  545
540  546
540  547
540  554
540  652
540  876
541  542
541  543
541  544
541  545
541  546
541  548
541  555
541  653
541  877
542  543
542  544
542  545
542  546
542  549
542  556
542  654
542  878
543  544
543  545
543  546
543  550
543  557
543  655
543  879
544  545
544  546
544  551
544  558
544  656
544  880
545  546
545  552
545  559
545  657
545  881
546  553
546  560
546  658
546  882
547  548
547  549
547  550
547  551
547  552
547  553
547  554
547  659
547  883
548  549
548  550
548  551
548  552
548  553
548  555
548  660
548  884
549  550
549  551
549  552
549  553
549  556
549  661
549  885
550  551
550  552
550  553
550  557
550  662
550  886
551  552
551  553
551  558
551  663
551  887
552  553
552  559
552  664
552  888
553  560
553  665
553  889
554  555
554  556
554  557
554  558
554  559
554  560
554  666
554  890
555  556
555  557
555  558
555  559
555  560
555  667
555  891
556  557
556  558
556  559
556  560
556  668
556  892
557  558
557  559
557  560
557  669
557  893
558  559
558  560
558  670
558  894
559  560
559  671
559  895
560  672
560  896
561  562
561  563
561  564
561  565
561  566
561  567
561  568
561  575
561  582
561  589
561  617
561  645
561  897
562  563
562  564
562  565
562  566
562  567
562  569
562  576
562  583
562  590
562  618
562  646
562  898
563  564
563  565
563  566
563  567
563  570
563  577
563  584
563  591
563  619
563  647
563  899
564  565
564  566
564  567
564  571
564  578
564  585
564  592
564  620
564  648
564  900
565  566
565  567
565  572
565  579
565  586
565  593
565  621
565  649
565  901
566  567
566  573
566  580
566  587
566  594
566  622
566  650
566  902
567  574
567  581
567  588
567  595
567  623
567  651
567  903
568  569
568  570
568  571
568  572
568  573
568  574
568  575
568  582
568  596
568  624
568  652
568  904
569  570
569  571
569  572
569  573
569  574
569  576
569  583
569  597
569  625
569  653
569  905
570  571
570  572
570  573
570  574
570  577
570  584
570  598
570  626
570  654
570  906
571  572
571  573
571  574
571  578
571  585
571  599
571  627
571  655
571  907
572  573
572  574
572  579
572  586
572  600
572  628
572  656
572  908
573  574
573  580
573  587
573  601
573  629
573  657
573  909
574  581
574  588
574  602
574  630
574  658
574  910
575  576
575  577
575  578
575  579
575  580
575  581
575  582
575  603
575  631
575  659
575  911
576  577
576  578
576  579
576  580
576  581
576  583
576  604
576  632
576  660
576  912
577  578
577  579
577  580
577  581
577  584
577  605
577  633
577  661
577  913
578  579
578  580
578  581
578  585
578  606
578  634
578  662
578  914
579  580
579  581
579  586
579  607
579  635
579  663
579  915
580  581
580  587
580  608
580  636
580  664
580  916
581  588
581  609
581  637
581  665
581  917
582  583
582  584
582  585
582  586
582  587
582  588
582  610
582  638
582  666
582  918
583  584
583  585
583  586
583  587
583  588
583  611
583  639
583  667
583  919
584  585
584  586
584  587
584  588
584  612
584  640
584  668
584  920
585  586
585  587
585  588
585  613
585  641
585  669
585  921
586  587
586  588
586  614
586  642
586  670
586  922
587  588
587  615
587  643
587  671
587  923
588  616
588  644
588  672
588  924
589  590
589  591
589  592
589  593
589  594
589  595
589  596
589  603
589  610
589  617
589  645
589  925
590  591
590  592
590  593
590  594
590  595
590  597
590  604
590  611
590  618
590  646
590  926
591  592
591  593
591  594
591  595
591  598
591  605
591  612
591  619
591  647
591  927
592  593
592  594
592  595
592  599
592  606
592  613
592  620
592  648
592  928
593  594
593  595
593  600
593  607
593  614
593  621
593  649
593  929
594  595
594  601
594  608
594  615
594  622
594  650
594  930
595  602
595  609
595  616
595  623
595  651
595  931
596  597
596  598
596  599
596  600
596  601
596  602
596  603
596  610
596  624
596  652
596  932
597  598
597  599
597  600
597  601
597  602
597  604
597  611
597  625
597  653
597  933
598  599
598  600
598  601
598  602
598  605
598  612
598  626
598  654
598  934
599  600
599  601
599  602
599  606
599  613
599  627
599  655
599  935
600  601
600  602
600  607
600  614
600  628
600  656
600  936
601  602
601  608
601  615
601  629
601  657
601  937
602  609
602  616
602  630
602  658
602  938
603  604
603  605
603  606
603  607
603  608
603  609
603  610
603  631
603  659
603  939
604  605
604  606
604  607
604  608
604  609
604  611
604  632
604  660
604  940
605  606
605  607
605  608
605  609
605  612
605  633
605  661
605  941
606  607
606  608
606  609
606  613
606  634
606  662
606  942
607  608
607  609
607  614
607  635
607  663
607  943
608  609
608  615
608  636
608  664
608  944
609  616
609  637
609  665
609  945
610  611
610  612
610  613
610  614
610  615
610  616
610  638
610  666
610  946
611  612
611  613
611  614
611  615
611  616
611  639
611  667
611  947
612  613
612  614
612  615
612  616
612  640
612  668
612  948
613  614
613  615
613  616
613  641
613  669
613  949
614  615
614  616
614  642
614  670
614  950
615  616
615  643
615  671
615  951
616  644
616  672
616  952
617  618
617  619
617  620
617  621
617  622
617  623
617  624
617  631
617  638
617  645
617  953
618  619
618  620
618  621
618  622
618  623
618  625
618  632
618  639
618  646
618  954
619  620
619  621
619  622
619  623
619  626
619  633
619  640
619  647
619  955
620  621
620  622
620  623
620  627
620  634
620  641
620  648
620  956
621  622
621  623
621  628
621  635
621  642
621  649
621  957
622  623
622  629
622  636
622  643
622  650
622  958
623  630
623  637
623  644
623  651
623  959
624  625
624  626
624  627
624  628
624  629
624  630
624  631
624  638
624  652
624  960
625  626
625  627
625  628
625  629
625  630
625  632
625  639
625  653
625  961
626  627
626  628
626  629
626  630
626  633
626  640
626  654
626  962
627  628
627  629
627  630
627  634
627  641
627  655
627  963
628  629
628  630
628  635
628  642
628  656
628  964
629  630
629  636
629  643
629  657
629  965
630  637
630  644
630  658
630  966
631  632
631  633
631  634
631  635
631  636
631  637
631  638
631  659
631  967
632  633
632  634
632  635
632  636
632  637
632  639
632  660
632  968
633  634
633  635
633  636
633  637
633  640
633  661
633  969
634  635
634  636
634  637
634  641
634  662
634  970
635  636
635  637
635  642
635  663
635  971
636  637
636  643
636  664
636  972
637  644
637  665
637  973
638  639
638  640
638  641
638  642
638  643
638  644
638  666
638  974
639  640
639  641
639  642
639  643
639  644
639  667
639  975
640  641
640  642
640  643
640  644
640  668
640  976
641  642
641  643
641  644
641  669
641  977
642  643
642  644
642  670
642  978
643  644
643  671
643  979
644  672
644  980
645  646
645  647
645  648
645  649
645  650
645  651
645  652
645  659
645  666
645  981
646  647
646  648
646  649
646  650
646  651
646  653
646  660
646  667
646  982
647  648
647  649
647  650
647  651
647  654
647  661
647  668
647  983
648  649
648  650
648  651
648  655
648  662
648  669
648  984
649  650
649  651
649  656
649  663
649  670
649  985
650  651
650  657
650  664
650  671
650  986
651  658
651  665
651  672
651  987
652  653
652  654
652  655
652  656
652  657
652  658
652  659
652  666
652  988
653  654
653  655
653  656
653  657
653  658
653  660
653  667
653  989
654  655
654  656
654  657
654  658
654  661
654  668
654  990
655  656
655  657
655  658
655  662
655  669
655  991
656  657
656  658
656  663
656  670
656  992
657  658
657  664
657  671
657  993
658  665
658  672
658  994
659  660
659  661
659  662
659  663
659  664
659  665
659  666
659  995
660  661
660  662
660  663
660  664
660  665
660  667
660  996
661  662
661  663
661  664
661  665
661  668
661  997
662  663
662  664
662  665
662  669
662  998
663  664
663  665
663  670
663  999
664  665
664  671
664  1000
665  672
665  1001
666  667
666  668
666  669
666  670
666  671
666  672
666  1002
667  668
667  669
667  670
667  671
667  672
667  1003
668  669
668  670
668  671
668  672
668  1004
669  670
669  671
669  672
669  1005
670  671
670  672
670  1006
671  672
671  1007
672  1008
673  674
673  675
673  676
673  677
673  678
673  679
673  680
673  687
673  694
673  701
673  729
673  757
673  785
673  897
674  675
674  676
674  677
674  678
674  679
674  681
674  688
674  695
674  702
674  730
674  758
674  786
674  898
675  676
675  677
675  678
675  679
675  682
675  689
675  696
675  703
675  731
675  759
675  787
675  899
676  677
676  678
676  679
676  683
676  690
676  697
676  704
676  732
676  760
676  788
676  900
677  678
677  679
677  684
677  691
677  698
677  705
677  733
677  761
677  789
677  901
678  679
678  685
678  692
678  699
678  706
678  734
678  762
678  790
678  902
679  686
679  693
679  700
679  707
679  735
679  763
679  791
679  903
680  681
680  682
680  683
680  684
680  685
680  686
680  687
680  694
680  708
680  736
680  764
680  792
680  904
681  682
681  683
681  684
681  685
681  686
681  688
681  695
681  709
681  737
681  765
681  793
681  905
682  683
682  684
682  685
682  686
682  689
682  696
682  710
682  738
682  766
682  794
682  906
683  684
683  685
683  686
683  690
683  697
683  711
683  739
683  767
683  795
683  907
684  685
684  686
684  691
684  698
684  712
684  740
684  768
684  796
684  908
685  686
685  692
685  699
685  713
685  741
685  769
685  797
685  909
686  693
686  700
686  714
686  742
686  770
686  798
686  910
687  688
687  689
687  690
687  691
687  692
687  693
687  694
687  715
687  743
687  771
687  799
687  911
688  689
688  690
688  691
688  692
688  693
688  695
688  716
688  744
688  772
688  800
688  912
689  690
689  691
689  692
689  693
689  696
689  717
689  745
689  773
689  801
689  913
690  691
690  692
690  693
690  697
690  718
690  746
690  774
690  802
690  914
691  692
691  693
691  698
691  719
691  747
691  775
691  803
691  915
692  693
692  699
692  720
692  748
692  776
692  804
692  916
693  700
693  721
693  749
693  777
693  805
693  917
694  695
694  696
694  697
694  698
694  699
694  700
694  722
694  750
694  778
694  806
694  918
695  696
695  697
695  698
695  699
695  700
695  723
695  751
695  779
695  807
695  919
696  697
696  698
696  699
696  700
696  724
696  752
696  780
696  808
696  920
697  698
697  699
697  700
697  725
697  753
697  781
697  809
697  921
698  699
698  700
698  726
698  754
698  782
698  810
698  922
699  700
699  727
699  755
699  783
699  811
699  923
700  728
700  756
700  784
700  812
700  924
701  702
701  703
701  704
701  705
701  706
701  707
701  708
701  715
701  722
701  729
701  757
701  813
701  925
702  703
702  704
702  705
702  706
702  707
702  709
702  716
702  723
702  730
702  758
702  814
702  926
703  704
703  705
703  706
703  707
703  710
703  717
703  724
703  731
703  759
703  815
703  927
704  705
704  706
704  707
704  711
704  718
704  725
704  732
704  760
704  816
704  928
705  706
705  707
705  712
705  719
705  726
705  733
705  761
705  817
705  929
706  707
706  713
706  720
706  727
706  734
706  762
706  818
706  930
707  714
707  721
707  728
707  735
707  763
707  819
707  931
708  709
708  710
708  711
708  712
708  713
708  714
708  715
708  722
708  736
708  764
708  820
708  932
709  710
709  711
709  712
709  713
709  714
709  716
709  723
709  737
709  765
709  821
709  933
710  711
710  712
710  713
710  714
710  717
710  724
710  738
710  766
710  822
710  934
711  712
711  713
711  714
711  718
711  725
711  739
711  767
711  823
711  935
712  713
712  714
712  719
712  726
712  740
712  768
712  824
712  936
713  714
713  720
713  727
713  741
713  769
713  825
713  937
714  721
714  728
714  742
714  770
714  826
714  938
715  716
715  717
715  718
715  719
715  720
715  721
715  722
715  743
715  771
715  827
715  939
716  717
716  718
716  719
716  720
716  721
716  723
716  744
716  772
716  828
716  940
717  718
717  719
717  720
717  721
717  724
717  745
717  773
717  829
717  941
718  719
718  720
718  721
718  725
718  746
718  774
718  830
718  942
719  720
719  721
719  726
719  747
719  775
719  831
719  943
720  721
720  727
720  748
720  776
720  832
720  944
721  728
721  749
721  777
721  833
721  945
722  723
722  724
722  725
722  726
722  727
722  728
722  750
722  778
722  834
722  946
723  724
723  725
723  726
723  727
723  728
723  751
723  779
723  835
723  947
724  725
724  726
724  727
724  728
724  752
724  780
724  836
724  948
725  726
725  727
725  728
725  753
725  781
725  837
725  949
726  727
726  728
726  754
726  782
726  838
726  950
727  728
727  755
727  783
727  839
727  951
728  756
728  784
728  840
728  952
729  730
729  731
729  732
729  733
729  734
729  735
729  736
729  743
729  750
729  757
729  841
729  953
730  731
730  732
730  733
730  734
730  735
730  737
730  744
730  751
730  758
730  842
730  954
731  732
731  733
731  734
731  735
731  738
731  745
731  752
731  759
731  843
731  955
732  733
732  734
732  735
732  739
732  746
732  753
732  760
732  844
732  956
733  734
733  735
733  740
733  747
733  754
733  761
733  845
733  957
734  735
734  741
734  748
734  755
734  762
734  846
734  958
735  742
735  749
735  756
735  763
735  847
735  959
736  737
736  738
736  739
736  740
736  741
736  742
736  743
736  750
736  764
736  848
736  960
737  738
737  739
737  740
737  741
737  742
737  744
737  751
737  765
737  849
737  961
738  739
738  740
738  741
738  742
738  745
738  752
738  766
738  850
738  962
739  740
739  741
739  742
739  746
739  753
739  767
739  851
739  963
740  741
740  742
740  747
740  754
740  768
740  852
740  964
741  742
741  748
741  755
741  769
741  853
741  965
742  749
742  756
742  770
742  854
742  966
743  744
743  745
743  746
743  747
743  748
743  749
743  750
743  771
743  855
743  967
744  745
744  746
744  747
744  748
744  749
744  751
744  772
744  856
744  968
745  746
745  747
745  748
745  749
745  752
745  773
745  857
745  969
746  747
746  748
746  749
746  753
746  774
746  858
746  970
747  748
747  749
747  754
747  775
747  859
747  971
748  749
748  755
748  776
748  860
748  972
749  756
749  777
749  861
749  973
750  751
750  752
750  753
750  754
750  755
750  756
750  778
750  862
750  974
751  752
751  753
751  754
751  755
751  756
751  779
751  863
751  975
752  753
752  754
752  755
752  756
752  780
752  864
752  976
753  754
753  755
753  756
753  781
753  865
753  977
754  755
754  756
754  782
754  866
754  978
755  756
755  783
755  867
755  979
756  784
756  868
756  980
757  758
757  759
757  760
757  761
757  762
757  763
757  764
757  771
757  778
757  869
757  981
758  759
758  760
758  761
758  762
758  763
758  765
758  772
758  779
758  870
758  982
759  760
759  761
759  762
759  763
759  766
759  773
759  780
759  871
759  983
760  761
760  762
760  763
760  767
760  774
760  781
760  872
760  984
761  762
761  763
761  768
761  775
761  782
761  873
761  985
762  763
762  769
762  776
762  783
762  874
762  986
763  770
763  777
763  784
763  875
763  987
764  765
764  766
764  767
764  768
764  769
764  770
764  771
764  778
764  876
764  988
765  766
765  767
765  768
765  769
765  770
765  772
765  779
765  877
765  989
766  767
766  768
766  769
766  770
766  773
766  780
766  878
766  990
767  768
767  769
767  770
767  774
767  781
767  879
767  991
768  769
768  770
768  775
768  782
768  880
768  992
769  770
769  776
769  783
769  881
769  993
770  777
770  784
770  882
770  994
771  772
771  773
771  774
771  775
771  776
771  777
771  778
771  883
771  995
772  773
772  774
772  775
772  776
772  777
772  779
772  884
772  996
773  774
773  775
773  776
773  777
773  780
773  885
773  997
774  775
774  776
774  777
774  781
774  886
774  998
775  776
775  777
775  782
775  887
775  999
776  777
776  783
776  888
776  1000
777  784
777  889
777  1001
778  779
778  780
778  781
778  782
778  783
778  784
778  890
778  1002
779  780
779  781
779  782
779  783
779  784
779  891
779  1003
780  781
780  782
780  783
780  784
780  892
780  1004
781  782
781  783
781  784
781  893
781  1005
782  783
782  784
782  894
782  1006
783  784
783  895
783  1007
784  896
784  1008
785  786
785  787
785  788
785  789
785  790
785  791
785  792
785  799
785  806
785  813
785  841
785  869
785  897
786  787
786  788
786  789
786  790
786  791
786  793
786  800
786  807
786  814
786  842
786  870
786  898
787  788
787  789
787  790
787  791
787  794
787  801
787  808
787  815
787  843
787  871
787  899
788  789
788  790
788  791
788  795
788  802
788  809
788  816
788  844
788  872
788  900
789  790
789  791
789  796
789  803
789  810
789  817
789  845
789  873
789  901
790  791
790  797
790  804
790  811
790  818
790  846
790  874
790  902
791  798
791  805
791  812
791  819
791  847
791  875
791  903
792  793
792  794
792  795
792  796
792  797
792  798
792  799
792  806
792  820
792  848
792  876
792  904
793  794
793  795
793  796
793  797
793  798
793  800
793  807
793  821
793  849
793  877
793  905
794  795
794  796
794  797
794  798
794  801
794  808
794  822
794  850
794  878
794  906
795  796
795  797
795  798
795  802
795  809
795  823
795  851
795  879
795  907
796  797
796  798
796  803
796  810
796  824
796  852
796  880
796  908
797  798
797  804
797  811
797  825
797  853
797  881
797  909
798  805
798  812
798  826
798  854
798  882
798  910
799  800
799  801
799  802
799  803
799  804
799  805
799  806
799  827
799  855
799  883
799  911
800  801
800  802
800  803
800  804
800  805
800  807
800  828
800  856
800  884
800  912
801  802
801  803
801  804
801  805
801  808
801  829
801  857
801  885
801  913
802  803
802  804
802  805
802  809
802  830
802  858
802  886
802  914
803  804
803  805
803  810
803  831
803  859
803  887
803  915
804  805
804  811
804  832
804  860
804  888
804  916
805  812
805  833
805  861
805  889
805  917
806  807
806  808
806  809
806  810
806  811
806  812
806  834
806  862
806  890
806  918
807  808
807  809
807  810
807  811
807  812
807  835
807  863
807  891
807  919
808  809
808  810
808  811
808  812
808  836
808  864
808  892
808  920
809  810
809  811
809  812
809  837
809  865
809  893
809  921
810  811
810  812
810  838
810  866
810  894
810  922
811  812
811  839
811  867
811  895
811  923
812  840
812  868
812  896
812  924
813  814
813  815
813  816
813  817
813  818
813  819
813  820
813  827
813  834
813  841
813  869
813  925
814  815
814  816
814  817
814  818
814  819
814  821
814  828
814  835
814  842
814  870
814  926
815  816
815  817
815  818
815  819
815  822
815  829
815  836
815  843
815  871
815  927
816  817
816  818
816  819
816  823
816  830
816  837
816  844
816  872
816  928
817  818
817  819
817  824
817  831
817  838
817  845
817  873
817  929
818  819
818  825
818  832
818  839
818  846
818  874
818  930
819  826
819  833
819  840
819  847
819  875
819  931
820  821
820  822
820  823
820  824
820  825
820  826
820  827
820  834
820  848
820  876
820  932
821  822
821  823
821  824
821  825
821  826
821  828
821  835
821  849
821  877
821  933
822  823
822  824
822  825
822  826
822  829
822  836
822  850
822  878
822  934
823  824
823  825
823  826
823  830
823  837
823  851
823  879
823  935
824  825
824  826
824  831
824  838
824  852
824  880
824  936
825  826
825  832
825  839
825  853
825  881
825  937
826  833
826  840
826  854
826  882
826  938
827  828
827  829
827  830
827  831
827  832
827  833
827  834
827  855
827  883
827  939
828  829
828  830
828  831
828  832
828  833
828  835
828  856
828  884
828  940
829  830
829  831
829  832
829  833
829  836
829  857
829  885
829  941
830  831
830  832
830  833
830  837
830  858
830  886
830  942
831  832
831  833
831  838
831  859
831  887
831  943
832  833
832  839
832  860
832  888
832  944
833  840
833  861
833  889
833  945
834  835
834  836
834  837
834  838
834  839
834  840
834  862
834  890
834  946
835  836
835  837
835  838
835  839
835  840
835  863
835  891
835  947
836  837
836  838
836  839
836  840
836  864
836  892
836  948
837  838
837  839
837  840
837  865
837  893
837  949
838  839
838  840
838  866
838  894
838  950
839  840
839  867
839  895
839  951
840  868
840  896
840  952
841  842
841  843
841  844
841  845
841  846
841  847
841  848
841  855
841  862
841  869
841  953
842  843
842  844
842  845
842  846
842  847
842  849
842  856
842  863
842  870
842  954
843  844
843  845
843  846
843  847
843  850
843  857
843  864
843  871
843  955
844  845
844  846
844  847
844  851
844  858
844  865
844  872
844  956
845  846
845  847
845  852
845  859
845  866
845  873
845  957
846  847
846  853
846  860
846  867
846  874
846  958
847  854
847  861
847  868
847  875
847  959
848  849
848  850
848  851
848  852
848  853
848  854
848  855
848  862
848  876
848  960
849  850
849  851
849  852
849  853
849  854
849  856
849  863
849  877
849  961
850  851
850  852
850  853
850  854
850  857
850  864
850  878
850  962
851  852
851  853
851  854
851  858
851  865
851  879
851  963
852  853
852  854
852  859
852  866
852  880
852  964
853  854
853  860
853  867
853  881
853  965
854  861
854  868
854  882
854  966
855  856
855  857
855  858
855  859
855  860
855  861
855  862
855  883
855  967
856  857
856  858
856  859
856  860
856  861
856  863
856  884
856  968
857  858
857  859
857  860
857  861
857  864
857  885
857  969
858  859
858  860
858  861
858  865
858  886
858  970
859  860
859  861
859  866
859  887
859  971
860  861
860  867
860  888
860  972
861  868
861  889
861  973
862  863
862  864
862  865
862  866
862  867
862  868
862  890
862  974
863  864
863  865
863  866
863  867
863  868
863  891
863  975
864  865
864  866
864  867
864  868
864  892
864  976
865  866
865  867
865  868
865  893
865  977
866  867
866  868
866  894
866  978
867  868
867  895
867  979
868  896
868  980
869  870
869  871
869  872
869  873
869  874
869  875
869  876
869  883
869  890
869  981
870  871
870  872
870  873
870  874
870  875
870  877
870  884
870  891
870  982
871  872
871  873
871  874
871  875
871  878
871  885
871  892
871  983
872  873
872  874
872  875
872  879
872  886
872  893
872  984
873  874
873  875
873  880
873  887
873  894
873  985
874  875
874  881
874  888
874  895
874  986
875  882
875  889
875  896
875  987
876  877
876  878
876  879
876  880
876  881
876  882
876  883
876  890
876  988
877  878
877  879
877  880
877  881
877  882
877  884
877  891
877  989
878  879
878  880
878  881
878  882
878  885
878  892
878  990
879  880
879  881
879  882
879  886
879  893
879  991
880  881
880  882
880  887
880  894
880  992
881  882
881  888
881  895
881  993
882  889
882  896
882  994
883  884
883  885
883  886
883  887
883  888
883  889
883  890
883  995
884  885
884  886
884  887
884  888
884  889
884  891
884  996
885  886
885  887
885  888
885  889
885  892
885  997
886  887
886  888
886  889
886  893
886  998
887  888
887  889
887  894
887  999
888  889
888  895
888  1000
889  896
889  1001
890  891
890  892
890  893
890  894
890  895
890  896
890  1002
891  892
891  893
891  894
891  895
891  896
891  1003
892  893
892  894
892  895
892  896
892  1004
893  894
893  895
893  896
893  1005
894  895
894  896
894  1006
895  896
895  1007
896  1008
897  898
897  899
897  900
897  901
897  902
897  903
897  904
897  911
897  918
897  925
897  953
897  981
898  899
898  900
898  901
898  902
898  903
898  905
898  912
898  919
898  926
898  954
898  982
899  900
899  901
899  902
899  903
899  906
899  913
899  920
899  927
899  955
899  983
900  901
900  902
900  903
900  907
900  914
900  921
900  928
900  956
900  984
901  902
901  903
901  908
901  915
901  922
901  929
901  957
901  985
902  903
902  909
902  916
902  923
902  930
902  958
902  986
903  910
903  917
903  924
903  931
903  959
903  987
904  905
904  906
904  907
904  908
904  909
904  910
904  911
904  918
904  932
904  960
904  988
905  906
905  907
905  908
905  909
905  910
905  912
905  919
905  933
905  961
905  989
906  907
906  908
906  909
906  910
906  913
906  920
906  934
906  962
906  990
907  908
907  909
907  910
907  914
907  921
907  935
907  963
907  991
908  909
908  910
908  915
908  922
908  936
908  964
908  992
909  910
909  916
909  923
909  937
909  965
909  993
910  917
910  924
910  938
910  966
910  994
911  912
911  913
911  914
911  915
911  916
911  917
911  918
911  939
911  967
911  995
912  913
912  914
912  915
912  916
912  917
912  919
912  940
912  968
912  996
913  914
913  915
913  916
913  917
913  920
913  941
913  969
913  997
914  915
914  916
914  917
914  921
914  942
914  970
914  998
915  916
915  917
915  922
915  943
915  971
915  999
916  917
916  923
916  944
916  972
916  1000
917  924
917  945
917  973
917  1001
918  919
918  920
918  921
918  922
918  923
918  924
918  946
918  974
918  1002
919  920
919  921
919  922
919  923
919  924
919  947
919  975
919  1003
920  921
920  922
920  923
920  924
920  948
920  976
920  1004
921  922
921  923
921  924
921  949
921  977
921  1005
922  923
922  924
922  950
922  978
922  1006
923  924
923  951
923  979
923  1007
924  952
924  980
924  1008
925  926
925  927
925  928
925  929
925  930
925  931
925  932
925  939
925  946
925  953
925  981
926  927
926  928
926  929
926  930
926  931
926  933
926  940
926  947
926  954
926  982
927  928
927  929
927  930
927  931
927  934
927  941
927  948
927  955
927  983
928  929
928  930
928  931
928  935
928  942
928  949
928  956
928  984
929  930
929  931
929  936
929  943
929  950
929  957
929  985
930  931
930  937
930  944
930  951
930  958
930  986
931  938
931  945
931  952
931  959
931  987
932  933
932  934
932  935
932  936
932  937
932  938
932  939
932  946
932  960
932  988
933  934
933  935
933  936
933  937
933  938
933  940
933  947
933  961
933  989
934  935
934  936
934  937
934  938
934  941
934  948
934  962
934  990
935  936
935  937
935  938
935  942
935  949
935  963
935  991
936  937
936  938
936  943
936  950
936  964
936  992
937  938
937  944
937  951
937  965
937  993
938  945
938  952
938  966
938  994
939  940
939  941
939  942
939  943
939  944
939  945
939  946
939  967
939  995
940  941
940  942
940  943
940  944
940  945
940  947
940  968
940  996
941  942
941  943
941  944
941  945
941  948
941  969
941  997
942  943
942  944
942  945
942  949
942  970
942  998
943  944
943  945
943  950
943  971
943  999
944  945
944  951
944  972
944  1000
945  952
945  973
945  1001
946  947
946  948
946  949
946  950
946  951
946  952
946  974
946  1002
947  948
947  949
947  950
947  951
947  952
947  975
947  1003
948  949
948  950
948  951
948  952
948  976
948  1004
949  950
949  951
949  952
949  977
949  1005
950  951
950  952
950  978
950  1006
951  952
951  979
951  1007
952  980
952  1008
953  954
953  955
953  956
953  957
953  958
953  959
953  960
953  967
953  974
953  981
954  955
954  956
954  957
954  958
954  959
954  961
954  968
954  975
954  982
955  956
955  957
955  958
955  959
955  962
955  969
955  976
955  983
956  957
956  958
956  959
956  963
956  970
956  977
956  984
957  958
957  959
957  964
957  971
957  978
957  985
958  959
958  965
958  972
958  979
958  986
959  966
959  973
959  980
959  987
960  961
960  962
960  963
960  964
960  965
960  966
960  967
960  974
960  988
961  962
961  963
961  964
961  965
961  966
961  968
961  975
961  989
962  963
962  964
962  965
962  966
962  969
962  976
962  990
963  964
963  965
963  966
963  970
963  977
963  991
964  965
964  966
964  971
964  978
964  992
965  966
965  972
965  979
965  993
966  973
966  980
966  994
967  968
967  969
967  970
967  971
967  972
967  973
967  974
967  995
968  969
968  970
968  971
968  972
968  973
968  975
968  996
969  970
969  971
969  972
969  973
969  976
969  997
970  971
970  972
970  973
970  977
970  998
971  972
971  973
971  978
971  999
972  973
972  979
972  1000
973  980
973  1001
974  975
974  976
974  977
974  978
974  979
974  980
974  1002
975  976
975  977
975  978
975  979
975  980
975  1003
976  977
976  978
976  979
976  980
976  1004
977  978
977  979
977  980
977  1005
978  979
978  980
978  1006
979  980
979  1007
980  1008
981  982
981  983
981  984
981  985
981  986
981  987
981  988
981  995
981  1002
982  983
982  984
982  985
982  986
982  987
982  989
982  996
982  1003
983  984
983  985
983  986
983  987
983  990
983  997
983  1004
984  985
984  986
984  987
984  991
984  998
984  1005
985  986
985  987
985  992
985  999
985  1006
986  987
986  993
986  1000
986  1007
987  994
987  1001
987  1008
988  989
988  990
988  991
988  992
988  993
988  994
988  995
988  1002
989  990
989  991
989  992
989  993
989  994
989  996
989  1003
990  991
990  992
990  993
990  994
990  997
990  1004
991  992
991  993
991  994
991  998
991  1005
992  993
992  994
992  999
992  1006
993  994
993  1000
993  1007
994  1001
994  1008
995  996
995  997
995  998
995  999
995  1000
995  1001
995  1002
996  997
996  998
996  999
996  1000
996  1001
996  1003
997  998
997  999
997  1000
997  1001
997  1004
998  999
998  1000
998  1001
998  1005
999  1000
999  1001
999  1006
1000  1001
1000  1007
1001  1008
1002  1003
1002  1004
1002  1005
1002  1006
1002  1007
1002  1008
1003  1004
1003  1005
1003  1006
1003  1007
1003  1008
1004  1005
1004  1006
1004  1007
1004  1008
1005  1006
1005  1007
1005  1008
1006  1007
1006  1008
1007  1008
