Problem name: hamming3x3x4x4x6.txt 	 Optimal solution = 144
864 864 6480
1  2
1  3
1  4
1  5
1  6
1  7
1  13
1  19
1  25
1  49
1  73
1  97
1  193
1  289
1  577
2  3
2  4
2  5
2  6
2  8
2  14
2  20
2  26
2  50
2  74
2  98
2  194
2  290
2  578
3  4
3  5
3  6
3  9
3  15
3  21
3  27
3  51
3  75
3  99
3  195
3  291
3  579
4  5
4  6
4  10
4  16
4  22
4  28
4  52
4  76
4  100
4  196
4  292
4  580
5  6
5  11
5  17
5  23
5  29
5  53
5  77
5  101
5  197
5  293
5  581
6  12
6  18
6  24
6  30
6  54
6  78
6  102
6  198
6  294
6  582
7  8
7  9
7  10
7  11
7  12
7  13
7  19
7  31
7  55
7  79
7  103
7  199
7  295
7  583
8  9
8  10
8  11
8  12
8  14
8  20
8  32
8  56
8  80
8  104
8  200
8  296
8  584
9  10
9  11
9  12
9  15
9  21
9  33
9  57
9  81
9  105
9  201
9  297
9  585
10  11
10  12
10  16
10  22
10  34
10  58
10  82
10  106
10  202
10  298
10  586
11  12
11  17
11  23
11  35
11  59
11  83
11  107
11  203
11  299
11  587
12  18
12  24
12  36
12  60
12  84
12  108
12  204
12  300
12  588
13  14
13  15
13  16
13  17
13  18
13  19
13  37
13  61
13  85
13  109
13  205
13  301
13  589
14  15
14  16
14  17
14  18
14  20
14  38
14  62
14  86
14  110
14  206
14  302
14  590
15  16
15  17
15  18
15  21
15  39
15  63
15  87
15  111
15  207
15  303
15  591
16  17
16  18
16  22
16  40
16  64
16  88
16  112
16  208
16  304
16  592
17  18
17  23
17  41
17  65
17  89
17  113
17  209
17  305
17  593
18  24
18  42
18  66
18  90
18  114
18  210
18  306
18  594
19  20
19  21
19  22
19  23
19  24
19  43
19  67
19  91
19  115
19  211
19  307
19  595
20  21
20  22
20  23
20  24
20  44
20  68
20  92
20  116
20  212
20  308
20  596
21  22
21  23
21  24
21  45
21  69
21  93
21  117
21  213
21  309
21  597
22  23
22  24
22  46
22  70
22  94
22  118
22  214
22  310
22  598
23  24
23  47
23  71
23  95
23  119
23  215
23  311
23  599
24  48
24  72
24  96
24  120
24  216
24  312
24  600
25  26
25  27
25  28
25  29
25  30
25  31
25  37
25  43
25  49
25  73
25  121
25  217
25  313
25  601
26  27
26  28
26  29
26  30
26  32
26  38
26  44
26  50
26  74
26  122
26  218
26  314
26  602
27  28
27  29
27  30
27  33
27  39
27  45
27  51
27  75
27  123
27  219
27  315
27  603
28  29
28  30
28  34
28  40
28  46
28  52
28  76
28  124
28  220
28  316
28  604
29  30
29  35
29  41
29  47
29  53
29  77
29  125
29  221
29  317
29  605
30  36
30  42
30  48
30  54
30  78
30  126
30  222
30  318
30  606
31  32
31  33
31  34
31  35
31  36
31  37
31  43
31  55
31  79
31  127
31  223
31  319
31  607
32  33
32  34
32  35
32  36
32  38
32  44
32  56
32  80
32  128
32  224
32  320
32  608
33  34
33  35
33  36
33  39
33  45
33  57
33  81
33  129
33  225
33  321
33  609
34  35
34  36
34  40
34  46
34  58
34  82
34  130
34  226
34  322
34  610
35  36
35  41
35  47
35  59
35  83
35  131
35  227
35  323
35  611
36  42
36  48
36  60
36  84
36  132
36  228
36  324
36  612
37  38
37  39
37  40
37  41
37  42
37  43
37  61
37  85
37  133
37  229
37  325
37  613
38  39
38  40
38  41
38  42
38  44
38  62
38  86
38  134
38  230
38  326
38  614
39  40
39  41
39  42
39  45
39  63
39  87
39  135
39  231
39  327
39  615
40  41
40  42
40  46
40  64
40  88
40  136
40  232
40  328
40  616
41  42
41  47
41  65
41  89
41  137
41  233
41  329
41  617
42  48
42  66
42  90
42  138
42  234
42  330
42  618
43  44
43  45
43  46
43  47
43  48
43  67
43  91
43  139
43  235
43  331
43  619
44  45
44  46
44  47
44  48
44  68
44  92
44  140
44  236
44  332
44  620
45  46
45  47
45  48
45  69
45  93
45  141
45  237
45  333
45  621
46  47
46  48
46  70
46  94
46  142
46  238
46  334
46  622
47  48
47  71
47  95
47  143
47  239
47  335
47  623
48  72
48  96
48  144
48  240
48  336
48  624
49  50
49  51
49  52
49  53
49  54
49  55
49  61
49  67
49  73
49  145
49  241
49  337
49  625
50  51
50  52
50  53
50  54
50  56
50  62
50  68
50  74
50  146
50  242
50  338
50  626
51  52
51  53
51  54
51  57
51  63
51  69
51  75
51  147
51  243
51  339
51  627
52  53
52  54
52  58
52  64
52  70
52  76
52  148
52  244
52  340
52  628
53  54
53  59
53  65
53  71
53  77
53  149
53  245
53  341
53  629
54  60
54  66
54  72
54  78
54  150
54  246
54  342
54  630
55  56
55  57
55  58
55  59
55  60
55  61
55  67
55  79
55  151
55  247
55  343
55  631
56  57
56  58
56  59
56  60
56  62
56  68
56  80
56  152
56  248
56  344
56  632
57  58
57  59
57  60
57  63
57  69
57  81
57  153
57  249
57  345
57  633
58  59
58  60
58  64
58  70
58  82
58  154
58  250
58  346
58  634
59  60
59  65
59  71
59  83
59  155
59  251
59  347
59  635
60  66
60  72
60  84
60  156
60  252
60  348
60  636
61  62
61  63
61  64
61  65
61  66
61  67
61  85
61  157
61  253
61  349
61  637
62  63
62  64
62  65
62  66
62  68
62  86
62  158
62  254
62  350
62  638
63  64
63  65
63  66
63  69
63  87
63  159
63  255
63  351
63  639
64  65
64  66
64  70
64  88
64  160
64  256
64  352
64  640
65  66
65  71
65  89
65  161
65  257
65  353
65  641
66  72
66  90
66  162
66  258
66  354
66  642
67  68
67  69
67  70
67  71
67  72
67  91
67  163
67  259
67  355
67  643
68  69
68  70
68  71
68  72
68  92
68  164
68  260
68  356
68  644
69  70
69  71
69  72
69  93
69  165
69  261
69  357
69  645
70  71
70  72
70  94
70  166
70  262
70  358
70  646
71  72
71  95
71  167
71  263
71  359
71  647
72  96
72  168
72  264
72  360
72  648
73  74
73  75
73  76
73  77
73  78
73  79
73  85
73  91
73  169
73  265
73  361
73  649
74  75
74  76
74  77
74  78
74  80
74  86
74  92
74  170
74  266
74  362
74  650
75  76
75  77
75  78
75  81
75  87
75  93
75  171
75  267
75  363
75  651
76  77
76  78
76  82
76  88
76  94
76  172
76  268
76  364
76  652
77  78
77  83
77  89
77  95
77  173
77  269
77  365
77  653
78  84
78  90
78  96
78  174
78  270
78  366
78  654
79  80
79  81
79  82
79  83
79  84
79  85
79  91
79  175
79  271
79  367
79  655
80  81
80  82
80  83
80  84
80  86
80  92
80  176
80  272
80  368
80  656
81  82
81  83
81  84
81  87
81  93
81  177
81  273
81  369
81  657
82  83
82  84
82  88
82  94
82  178
82  274
82  370
82  658
83  84
83  89
83  95
83  179
83  275
83  371
83  659
84  90
84  96
84  180
84  276
84  372
84  660
85  86
85  87
85  88
85  89
85  90
85  91
85  181
85  277
85  373
85  661
86  87
86  88
86  89
86  90
86  92
86  182
86  278
86  374
86  662
87  88
87  89
87  90
87  93
87  183
87  279
87  375
87  663
88  89
88  90
88  94
88  184
88  280
88  376
88  664
89  90
89  95
89  185
89  281
89  377
89  665
90  96
90  186
90  282
90  378
90  666
91  92
91  93
91  94
91  95
91  96
91  187
91  283
91  379
91  667
92  93
92  94
92  95
92  96
92  188
92  284
92  380
92  668
93  94
93  95
93  96
93  189
93  285
93  381
93  669
94  95
94  96
94  190
94  286
94  382
94  670
95  96
95  191
95  287
95  383
95  671
96  192
96  288
96  384
96  672
97  98
97  99
97  100
97  101
97  102
97  103
97  109
97  115
97  121
97  145
97  169
97  193
97  385
97  673
98  99
98  100
98  101
98  102
98  104
98  110
98  116
98  122
98  146
98  170
98  194
98  386
98  674
99  100
99  101
99  102
99  105
99  111
99  117
99  123
99  147
99  171
99  195
99  387
99  675
100  101
100  102
100  106
100  112
100  118
100  124
100  148
100  172
100  196
100  388
100  676
101  102
101  107
101  113
101  119
101  125
101  149
101  173
101  197
101  389
101  677
102  108
102  114
102  120
102  126
102  150
102  174
102  198
102  390
102  678
103  104
103  105
103  106
103  107
103  108
103  109
103  115
103  127
103  151
103  175
103  199
103  391
103  679
104  105
104  106
104  107
104  108
104  110
104  116
104  128
104  152
104  176
104  200
104  392
104  680
105  106
105  107
105  108
105  111
105  117
105  129
105  153
105  177
105  201
105  393
105  681
106  107
106  108
106  112
106  118
106  130
106  154
106  178
106  202
106  394
106  682
107  108
107  113
107  119
107  131
107  155
107  179
107  203
107  395
107  683
108  114
108  120
108  132
108  156
108  180
108  204
108  396
108  684
109  110
109  111
109  112
109  113
109  114
109  115
109  133
109  157
109  181
109  205
109  397
109  685
110  111
110  112
110  113
110  114
110  116
110  134
110  158
110  182
110  206
110  398
110  686
111  112
111  113
111  114
111  117
111  135
111  159
111  183
111  207
111  399
111  687
112  113
112  114
112  118
112  136
112  160
112  184
112  208
112  400
112  688
113  114
113  119
113  137
113  161
113  185
113  209
113  401
113  689
114  120
114  138
114  162
114  186
114  210
114  402
114  690
115  116
115  117
115  118
115  119
115  120
115  139
115  163
115  187
115  211
115  403
115  691
116  117
116  118
116  119
116  120
116  140
116  164
116  188
116  212
116  404
116  692
117  118
117  119
117  120
117  141
117  165
117  189
117  213
117  405
117  693
118  119
118  120
118  142
118  166
118  190
118  214
118  406
118  694
119  120
119  143
119  167
119  191
119  215
119  407
119  695
120  144
120  168
120  192
120  216
120  408
120  696
121  122
121  123
121  124
121  125
121  126
121  127
121  133
121  139
121  145
121  169
121  217
121  409
121  697
122  123
122  124
122  125
122  126
122  128
122  134
122  140
122  146
122  170
122  218
122  410
122  698
123  124
123  125
123  126
123  129
123  135
123  141
123  147
123  171
123  219
123  411
123  699
124  125
124  126
124  130
124  136
124  142
124  148
124  172
124  220
124  412
124  700
125  126
125  131
125  137
125  143
125  149
125  173
125  221
125  413
125  701
126  132
126  138
126  144
126  150
126  174
126  222
126  414
126  702
127  128
127  129
127  130
127  131
127  132
127  133
127  139
127  151
127  175
127  223
127  415
127  703
128  129
128  130
128  131
128  132
128  134
128  140
128  152
128  176
128  224
128  416
128  704
129  130
129  131
129  132
129  135
129  141
129  153
129  177
129  225
129  417
129  705
130  131
130  132
130  136
130  142
130  154
130  178
130  226
130  418
130  706
131  132
131  137
131  143
131  155
131  179
131  227
131  419
131  707
132  138
132  144
132  156
132  180
132  228
132  420
132  708
133  134
133  135
133  136
133  137
133  138
133  139
133  157
133  181
133  229
133  421
133  709
134  135
134  136
134  137
134  138
134  140
134  158
134  182
134  230
134  422
134  710
135  136
135  137
135  138
135  141
135  159
135  183
135  231
135  423
135  711
136  137
136  138
136  142
136  160
136  184
136  232
136  424
136  712
137  138
137  143
137  161
137  185
137  233
137  425
137  713
138  144
138  162
138  186
138  234
138  426
138  714
139  140
139  141
139  142
139  143
139  144
139  163
139  187
139  235
139  427
139  715
140  141
140  142
140  143
140  144
140  164
140  188
140  236
140  428
140  716
141  142
141  143
141  144
141  165
141  189
141  237
141  429
141  717
142  143
142  144
142  166
142  190
142  238
142  430
142  718
143  144
143  167
143  191
143  239
143  431
143  719
144  168
144  192
144  240
144  432
144  720
145  146
145  147
145  148
145  149
145  150
145  151
145  157
145  163
145  169
145  241
145  433
145  721
146  147
146  148
146  149
146  150
146  152
146  158
146  164
146  170
146  242
146  434
146  722
147  148
147  149
147  150
147  153
147  159
147  165
147  171
147  243
147  435
147  723
148  149
148  150
148  154
148  160
148  166
148  172
148  244
148  436
148  724
149  150
149  155
149  161
149  167
149  173
149  245
149  437
149  725
150  156
150  162
150  168
150  174
150  246
150  438
150  726
151  152
151  153
151  154
151  155
151  156
151  157
151  163
151  175
151  247
151  439
151  727
152  153
152  154
152  155
152  156
152  158
152  164
152  176
152  248
152  440
152  728
153  154
153  155
153  156
153  159
153  165
153  177
153  249
153  441
153  729
154  155
154  156
154  160
154  166
154  178
154  250
154  442
154  730
155  156
155  161
155  167
155  179
155  251
155  443
155  731
156  162
156  168
156  180
156  252
156  444
156  732
157  158
157  159
157  160
157  161
157  162
157  163
157  181
157  253
157  445
157  733
158  159
158  160
158  161
158  162
158  164
158  182
158  254
158  446
158  734
159  160
159  161
159  162
159  165
159  183
159  255
159  447
159  735
160  161
160  162
160  166
160  184
160  256
160  448
160  736
161  162
161  167
161  185
161  257
161  449
161  737
162  168
162  186
162  258
162  450
162  738
163  164
163  165
163  166
163  167
163  168
163  187
163  259
163  451
163  739
164  165
164  166
164  167
164  168
164  188
164  260
164  452
164  740
165  166
165  167
165  168
165  189
165  261
165  453
165  741
166  167
166  168
166  190
166  262
166  454
166  742
167  168
167  191
167  263
167  455
167  743
168  192
168  264
168  456
168  744
169  170
169  171
169  172
169  173
169  174
169  175
169  181
169  187
169  265
169  457
169  745
170  171
170  172
170  173
170  174
170  176
170  182
170  188
170  266
170  458
170  746
171  172
171  173
171  174
171  177
171  183
171  189
171  267
171  459
171  747
172  173
172  174
172  178
172  184
172  190
172  268
172  460
172  748
173  174
173  179
173  185
173  191
173  269
173  461
173  749
174  180
174  186
174  192
174  270
174  462
174  750
175  176
175  177
175  178
175  179
175  180
175  181
175  187
175  271
175  463
175  751
176  177
176  178
176  179
176  180
176  182
176  188
176  272
176  464
176  752
177  178
177  179
177  180
177  183
177  189
177  273
177  465
177  753
178  179
178  180
178  184
178  190
178  274
178  466
178  754
179  180
179  185
179  191
179  275
179  467
179  755
180  186
180  192
180  276
180  468
180  756
181  182
181  183
181  184
181  185
181  186
181  187
181  277
181  469
181  757
182  183
182  184
182  185
182  186
182  188
182  278
182  470
182  758
183  184
183  185
183  186
183  189
183  279
183  471
183  759
184  185
184  186
184  190
184  280
184  472
184  760
185  186
185  191
185  281
185  473
185  761
186  192
186  282
186  474
186  762
187  188
187  189
187  190
187  191
187  192
187  283
187  475
187  763
188  189
188  190
188  191
188  192
188  284
188  476
188  764
189  190
189  191
189  192
189  285
189  477
189  765
190  191
190  192
190  286
190  478
190  766
191  192
191  287
191  479
191  767
192  288
192  480
192  768
193  194
193  195
193  196
193  197
193  198
193  199
193  205
193  211
193  217
193  241
193  265
193  481
193  769
194  195
194  196
194  197
194  198
194  200
194  206
194  212
194  218
194  242
194  266
194  482
194  770
195  196
195  197
195  198
195  201
195  207
195  213
195  219
195  243
195  267
195  483
195  771
196  197
196  198
196  202
196  208
196  214
196  220
196  244
196  268
196  484
196  772
197  198
197  203
197  209
197  215
197  221
197  245
197  269
197  485
197  773
198  204
198  210
198  216
198  222
198  246
198  270
198  486
198  774
199  200
199  201
199  202
199  203
199  204
199  205
199  211
199  223
199  247
199  271
199  487
199  775
200  201
200  202
200  203
200  204
200  206
200  212
200  224
200  248
200  272
200  488
200  776
201  202
201  203
201  204
201  207
201  213
201  225
201  249
201  273
201  489
201  777
202  203
202  204
202  208
202  214
202  226
202  250
202  274
202  490
202  778
203  204
203  209
203  215
203  227
203  251
203  275
203  491
203  779
204  210
204  216
204  228
204  252
204  276
204  492
204  780
205  206
205  207
205  208
205  209
205  210
205  211
205  229
205  253
205  277
205  493
205  781
206  207
206  208
206  209
206  210
206  212
206  230
206  254
206  278
206  494
206  782
207  208
207  209
207  210
207  213
207  231
207  255
207  279
207  495
207  783
208  209
208  210
208  214
208  232
208  256
208  280
208  496
208  784
209  210
209  215
209  233
209  257
209  281
209  497
209  785
210  216
210  234
210  258
210  282
210  498
210  786
211  212
211  213
211  214
211  215
211  216
211  235
211  259
211  283
211  499
211  787
212  213
212  214
212  215
212  216
212  236
212  260
212  284
212  500
212  788
213  214
213  215
213  216
213  237
213  261
213  285
213  501
213  789
214  215
214  216
214  238
214  262
214  286
214  502
214  790
215  216
215  239
215  263
215  287
215  503
215  791
216  240
216  264
216  288
216  504
216  792
217  218
217  219
217  220
217  221
217  222
217  223
217  229
217  235
217  241
217  265
217  505
217  793
218  219
218  220
218  221
218  222
218  224
218  230
218  236
218  242
218  266
218  506
218  794
219  220
219  221
219  222
219  225
219  231
219  237
219  243
219  267
219  507
219  795
220  221
220  222
220  226
220  232
220  238
220  244
220  268
220  508
220  796
221  222
221  227
221  233
221  239
221  245
221  269
221  509
221  797
222  228
222  234
222  240
222  246
222  270
222  510
222  798
223  224
223  225
223  226
223  227
223  228
223  229
223  235
223  247
223  271
223  511
223  799
224  225
224  226
224  227
224  228
224  230
224  236
224  248
224  272
224  512
224  800
225  226
225  227
225  228
225  231
225  237
225  249
225  273
225  513
225  801
226  227
226  228
226  232
226  238
226  250
226  274
226  514
226  802
227  228
227  233
227  239
227  251
227  275
227  515
227  803
228  234
228  240
228  252
228  276
228  516
228  804
229  230
229  231
229  232
229  233
229  234
229  235
229  253
229  277
229  517
229  805
230  231
230  232
230  233
230  234
230  236
230  254
230  278
230  518
230  806
231  232
231  233
231  234
231  237
231  255
231  279
231  519
231  807
232  233
232  234
232  238
232  256
232  280
232  520
232  808
233  234
233  239
233  257
233  281
233  521
233  809
234  240
234  258
234  282
234  522
234  810
235  236
235  237
235  238
235  239
235  240
235  259
235  283
235  523
235  811
236  237
236  238
236  239
236  240
236  260
236  284
236  524
236  812
237  238
237  239
237  240
237  261
237  285
237  525
237  813
238  239
238  240
238  262
238  286
238  526
238  814
239  240
239  263
239  287
239  527
239  815
240  264
240  288
240  528
240  816
241  242
241  243
241  244
241  245
241  246
241  247
241  253
241  259
241  265
241  529
241  817
242  243
242  244
242  245
242  246
242  248
242  254
242  260
242  266
242  530
242  818
243  244
243  245
243  246
243  249
243  255
243  261
243  267
243  531
243  819
244  245
244  246
244  250
244  256
244  262
244  268
244  532
244  820
245  246
245  251
245  257
245  263
245  269
245  533
245  821
246  252
246  258
246  264
246  270
246  534
246  822
247  248
247  249
247  250
247  251
247  252
247  253
247  259
247  271
247  535
247  823
248  249
248  250
248  251
248  252
248  254
248  260
248  272
248  536
248  824
249  250
249  251
249  252
249  255
249  261
249  273
249  537
249  825
250  251
250  252
250  256
250  262
250  274
250  538
250  826
251  252
251  257
251  263
251  275
251  539
251  827
252  258
252  264
252  276
252  540
252  828
253  254
253  255
253  256
253  257
253  258
253  259
253  277
253  541
253  829
254  255
254  256
254  257
254  258
254  260
254  278
254  542
254  830
255  256
255  257
255  258
255  261
255  279
255  543
255  831
256  257
256  258
256  262
256  280
256  544
256  832
257  258
257  263
257  281
257  545
257  833
258  264
258  282
258  546
258  834
259  260
259  261
259  262
259  263
259  264
259  283
259  547
259  835
260  261
260  262
260  263
260  264
260  284
260  548
260  836
261  262
261  263
261  264
261  285
261  549
261  837
262  263
262  264
262  286
262  550
262  838
263  264
263  287
263  551
263  839
264  288
264  552
264  840
265  266
265  267
265  268
265  269
265  270
265  271
265  277
265  283
265  553
265  841
266  267
266  268
266  269
266  270
266  272
266  278
266  284
266  554
266  842
267  268
267  269
267  270
267  273
267  279
267  285
267  555
267  843
268  269
268  270
268  274
268  280
268  286
268  556
268  844
269  270
269  275
269  281
269  287
269  557
269  845
270  276
270  282
270  288
270  558
270  846
271  272
271  273
271  274
271  275
271  276
271  277
271  283
271  559
271  847
272  273
272  274
272  275
272  276
272  278
272  284
272  560
272  848
273  274
273  275
273  276
273  279
273  285
273  561
273  849
274  275
274  276
274  280
274  286
274  562
274  850
275  276
275  281
275  287
275  563
275  851
276  282
276  288
276  564
276  852
277  278
277  279
277  280
277  281
277  282
277  283
277  565
277  853
278  279
278  280
278  281
278  282
278  284
278  566
278  854
279  280
279  281
279  282
279  285
279  567
279  855
280  281
280  282
280  286
280  568
280  856
281  282
281  287
281  569
281  857
282  288
282  570
282  858
283  284
283  285
283  286
283  287
283  288
283  571
283  859
284  285
284  286
284  287
284  288
284  572
284  860
285  286
285  287
285  288
285  573
285  861
286  287
286  288
286  574
286  862
287  288
287  575
287  863
288  576
288  864
289  290
289  291
289  292
289  293
289  294
289  295
289  301
289  307
289  313
289  337
289  361
289  385
289  481
289  577
290  291
290  292
290  293
290  294
290  296
290  302
290  308
290  314
290  338
290  362
290  386
290  482
290  578
291  292
291  293
291  294
291  297
291  303
291  309
291  315
291  339
291  363
291  387
291  483
291  579
292  293
292  294
292  298
292  304
292  310
292  316
292  340
292  364
292  388
292  484
292  580
293  294
293  299
293  305
293  311
293  317
293  341
293  365
293  389
293  485
293  581
294  300
294  306
294  312
294  318
294  342
294  366
294  390
294  486
294  582
295  296
295  297
295  298
295  299
295  300
295  301
295  307
295  319
295  343
295  367
295  391
295  487
295  583
296  297
296  298
296  299
296  300
296  302
296  308
296  320
296  344
296  368
296  392
296  488
296  584
297  298
297  299
297  300
297  303
297  309
297  321
297  345
297  369
297  393
297  489
297  585
298  299
298  300
298  304
298  310
298  322
298  346
298  370
298  394
298  490
298  586
299  300
299  305
299  311
299  323
299  347
299  371
299  395
299  491
299  587
300  306
300  312
300  324
300  348
300  372
300  396
300  492
300  588
301  302
301  303
301  304
301  305
301  306
301  307
301  325
301  349
301  373
301  397
301  493
301  589
302  303
302  304
302  305
302  306
302  308
302  326
302  350
302  374
302  398
302  494
302  590
303  304
303  305
303  306
303  309
303  327
303  351
303  375
303  399
303  495
303  591
304  305
304  306
304  310
304  328
304  352
304  376
304  400
304  496
304  592
305  306
305  311
305  329
305  353
305  377
305  401
305  497
305  593
306  312
306  330
306  354
306  378
306  402
306  498
306  594
307  308
307  309
307  310
307  311
307  312
307  331
307  355
307  379
307  403
307  499
307  595
308  309
308  310
308  311
308  312
308  332
308  356
308  380
308  404
308  500
308  596
309  310
309  311
309  312
309  333
309  357
309  381
309  405
309  501
309  597
310  311
310  312
310  334
310  358
310  382
310  406
310  502
310  598
311  312
311  335
311  359
311  383
311  407
311  503
311  599
312  336
312  360
312  384
312  408
312  504
312  600
313  314
313  315
313  316
313  317
313  318
313  319
313  325
313  331
313  337
313  361
313  409
313  505
313  601
314  315
314  316
314  317
314  318
314  320
314  326
314  332
314  338
314  362
314  410
314  506
314  602
315  316
315  317
315  318
315  321
315  327
315  333
315  339
315  363
315  411
315  507
315  603
316  317
316  318
316  322
316  328
316  334
316  340
316  364
316  412
316  508
316  604
317  318
317  323
317  329
317  335
317  341
317  365
317  413
317  509
317  605
318  324
318  330
318  336
318  342
318  366
318  414
318  510
318  606
319  320
319  321
319  322
319  323
319  324
319  325
319  331
319  343
319  367
319  415
319  511
319  607
320  321
320  322
320  323
320  324
320  326
320  332
320  344
320  368
320  416
320  512
320  608
321  322
321  323
321  324
321  327
321  333
321  345
321  369
321  417
321  513
321  609
322  323
322  324
322  328
322  334
322  346
322  370
322  418
322  514
322  610
323  324
323  329
323  335
323  347
323  371
323  419
323  515
323  611
324  330
324  336
324  348
324  372
324  420
324  516
324  612
325  326
325  327
325  328
325  329
325  330
325  331
325  349
325  373
325  421
325  517
325  613
326  327
326  328
326  329
326  330
326  332
326  350
326  374
326  422
326  518
326  614
327  328
327  329
327  330
327  333
327  351
327  375
327  423
327  519
327  615
328  329
328  330
328  334
328  352
328  376
328  424
328  520
328  616
329  330
329  335
329  353
329  377
329  425
329  521
329  617
330  336
330  354
330  378
330  426
330  522
330  618
331  332
331  333
331  334
331  335
331  336
331  355
331  379
331  427
331  523
331  619
332  333
332  334
332  335
332  336
332  356
332  380
332  428
332  524
332  620
333  334
333  335
333  336
333  357
333  381
333  429
333  525
333  621
334  335
334  336
334  358
334  382
334  430
334  526
334  622
335  336
335  359
335  383
335  431
335  527
335  623
336  360
336  384
336  432
336  528
336  624
337  338
337  339
337  340
337  341
337  342
337  343
337  349
337  355
337  361
337  433
337  529
337  625
338  339
338  340
338  341
338  342
338  344
338  350
338  356
338  362
338  434
338  530
338  626
339  340
339  341
339  342
339  345
339  351
339  357
339  363
339  435
339  531
339  627
340  341
340  342
340  346
340  352
340  358
340  364
340  436
340  532
340  628
341  342
341  347
341  353
341  359
341  365
341  437
341  533
341  629
342  348
342  354
342  360
342  366
342  438
342  534
342  630
343  344
343  345
343  346
343  347
343  348
343  349
343  355
343  367
343  439
343  535
343  631
344  345
344  346
344  347
344  348
344  350
344  356
344  368
344  440
344  536
344  632
345  346
345  347
345  348
345  351
345  357
345  369
345  441
345  537
345  633
346  347
346  348
346  352
346  358
346  370
346  442
346  538
346  634
347  348
347  353
347  359
347  371
347  443
347  539
347  635
348  354
348  360
348  372
348  444
348  540
348  636
349  350
349  351
349  352
349  353
349  354
349  355
349  373
349  445
349  541
349  637
350  351
350  352
350  353
350  354
350  356
350  374
350  446
350  542
350  638
351  352
351  353
351  354
351  357
351  375
351  447
351  543
351  639
352  353
352  354
352  358
352  376
352  448
352  544
352  640
353  354
353  359
353  377
353  449
353  545
353  641
354  360
354  378
354  450
354  546
354  642
355  356
355  357
355  358
355  359
355  360
355  379
355  451
355  547
355  643
356  357
356  358
356  359
356  360
356  380
356  452
356  548
356  644
357  358
357  359
357  360
357  381
357  453
357  549
357  645
358  359
358  360
358  382
358  454
358  550
358  646
359  360
359  383
359  455
359  551
359  647
360  384
360  456
360  552
360  648
361  362
361  363
361  364
361  365
361  366
361  367
361  373
361  379
361  457
361  553
361  649
362  363
362  364
362  365
362  366
362  368
362  374
362  380
362  458
362  554
362  650
363  364
363  365
363  366
363  369
363  375
363  381
363  459
363  555
363  651
364  365
364  366
364  370
364  376
364  382
364  460
364  556
364  652
365  366
365  371
365  377
365  383
365  461
365  557
365  653
366  372
366  378
366  384
366  462
366  558
366  654
367  368
367  369
367  370
367  371
367  372
367  373
367  379
367  463
367  559
367  655
368  369
368  370
368  371
368  372
368  374
368  380
368  464
368  560
368  656
369  370
369  371
369  372
369  375
369  381
369  465
369  561
369  657
370  371
370  372
370  376
370  382
370  466
370  562
370  658
371  372
371  377
371  383
371  467
371  563
371  659
372  378
372  384
372  468
372  564
372  660
373  374
373  375
373  376
373  377
373  378
373  379
373  469
373  565
373  661
374  375
374  376
374  377
374  378
374  380
374  470
374  566
374  662
375  376
375  377
375  378
375  381
375  471
375  567
375  663
376  377
376  378
376  382
376  472
376  568
376  664
377  378
377  383
377  473
377  569
377  665
378  384
378  474
378  570
378  666
379  380
379  381
379  382
379  383
379  384
379  475
379  571
379  667
380  381
380  382
380  383
380  384
380  476
380  572
380  668
381  382
381  383
381  384
381  477
381  573
381  669
382  383
382  384
382  478
382  574
382  670
383  384
383  479
383  575
383  671
384  480
384  576
384  672
385  386
385  387
385  388
385  389
385  390
385  391
385  397
385  403
385  409
385  433
385  457
385  481
385  673
386  387
386  388
386  389
386  390
386  392
386  398
386  404
386  410
386  434
386  458
386  482
386  674
387  388
387  389
387  390
387  393
387  399
387  405
387  411
387  435
387  459
387  483
387  675
388  389
388  390
388  394
388  400
388  406
388  412
388  436
388  460
388  484
388  676
389  390
389  395
389  401
389  407
389  413
389  437
389  461
389  485
389  677
390  396
390  402
390  408
390  414
390  438
390  462
390  486
390  678
391  392
391  393
391  394
391  395
391  396
391  397
391  403
391  415
391  439
391  463
391  487
391  679
392  393
392  394
392  395
392  396
392  398
392  404
392  416
392  440
392  464
392  488
392  680
393  394
393  395
393  396
393  399
393  405
393  417
393  441
393  465
393  489
393  681
394  395
394  396
394  400
394  406
394  418
394  442
394  466
394  490
394  682
395  396
395  401
395  407
395  419
395  443
395  467
395  491
395  683
396  402
396  408
396  420
396  444
396  468
396  492
396  684
397  398
397  399
397  400
397  401
397  402
397  403
397  421
397  445
397  469
397  493
397  685
398  399
398  400
398  401
398  402
398  404
398  422
398  446
398  470
398  494
398  686
399  400
399  401
399  402
399  405
399  423
399  447
399  471
399  495
399  687
400  401
400  402
400  406
400  424
400  448
400  472
400  496
400  688
401  402
401  407
401  425
401  449
401  473
401  497
401  689
402  408
402  426
402  450
402  474
402  498
402  690
403  404
403  405
403  406
403  407
403  408
403  427
403  451
403  475
403  499
403  691
404  405
404  406
404  407
404  408
404  428
404  452
404  476
404  500
404  692
405  406
405  407
405  408
405  429
405  453
405  477
405  501
405  693
406  407
406  408
406  430
406  454
406  478
406  502
406  694
407  408
407  431
407  455
407  479
407  503
407  695
408  432
408  456
408  480
408  504
408  696
409  410
409  411
409  412
409  413
409  414
409  415
409  421
409  427
409  433
409  457
409  505
409  697
410  411
410  412
410  413
410  414
410  416
410  422
410  428
410  434
410  458
410  506
410  698
411  412
411  413
411  414
411  417
411  423
411  429
411  435
411  459
411  507
411  699
412  413
412  414
412  418
412  424
412  430
412  436
412  460
412  508
412  700
413  414
413  419
413  425
413  431
413  437
413  461
413  509
413  701
414  420
414  426
414  432
414  438
414  462
414  510
414  702
415  416
415  417
415  418
415  419
415  420
415  421
415  427
415  439
415  463
415  511
415  703
416  417
416  418
416  419
416  420
416  422
416  428
416  440
416  464
416  512
416  704
417  418
417  419
417  420
417  423
417  429
417  441
417  465
417  513
417  705
418  419
418  420
418  424
418  430
418  442
418  466
418  514
418  706
419  420
419  425
419  431
419  443
419  467
419  515
419  707
420  426
420  432
420  444
420  468
420  516
420  708
421  422
421  423
421  424
421  425
421  426
421  427
421  445
421  469
421  517
421  709
422  423
422  424
422  425
422  426
422  428
422  446
422  470
422  518
422  710
423  424
423  425
423  426
423  429
423  447
423  471
423  519
423  711
424  425
424  426
424  430
424  448
424  472
424  520
424  712
425  426
425  431
425  449
425  473
425  521
425  713
426  432
426  450
426  474
426  522
426  714
427  428
427  429
427  430
427  431
427  432
427  451
427  475
427  523
427  715
428  429
428  430
428  431
428  432
428  452
428  476
428  524
428  716
429  430
429  431
429  432
429  453
429  477
429  525
429  717
430  431
430  432
430  454
430  478
430  526
430  718
431  432
431  455
431  479
431  527
431  719
432  456
432  480
432  528
432  720
433  434
433  435
433  436
433  437
433  438
433  439
433  445
433  451
433  457
433  529
433  721
434  435
434  436
434  437
434  438
434  440
434  446
434  452
434  458
434  530
434  722
435  436
435  437
435  438
435  441
435  447
435  453
435  459
435  531
435  723
436  437
436  438
436  442
436  448
436  454
436  460
436  532
436  724
437  438
437  443
437  449
437  455
437  461
437  533
437  725
438  444
438  450
438  456
438  462
438  534
438  726
439  440
439  441
439  442
439  443
439  444
439  445
439  451
439  463
439  535
439  727
440  441
440  442
440  443
440  444
440  446
440  452
440  464
440  536
440  728
441  442
441  443
441  444
441  447
441  453
441  465
441  537
441  729
442  443
442  444
442  448
442  454
442  466
442  538
442  730
443  444
443  449
443  455
443  467
443  539
443  731
444  450
444  456
444  468
444  540
444  732
445  446
445  447
445  448
445  449
445  450
445  451
445  469
445  541
445  733
446  447
446  448
446  449
446  450
446  452
446  470
446  542
446  734
447  448
447  449
447  450
447  453
447  471
447  543
447  735
448  449
448  450
448  454
448  472
448  544
448  736
449  450
449  455
449  473
449  545
449  737
450  456
450  474
450  546
450  738
451  452
451  453
451  454
451  455
451  456
451  475
451  547
451  739
452  453
452  454
452  455
452  456
452  476
452  548
452  740
453  454
453  455
453  456
453  477
453  549
453  741
454  455
454  456
454  478
454  550
454  742
455  456
455  479
455  551
455  743
456  480
456  552
456  744
457  458
457  459
457  460
457  461
457  462
457  463
457  469
457  475
457  553
457  745
458  459
458  460
458  461
458  462
458  464
458  470
458  476
458  554
458  746
459  460
459  461
459  462
459  465
459  471
459  477
459  555
459  747
460  461
460  462
460  466
460  472
460  478
460  556
460  748
461  462
461  467
461  473
461  479
461  557
461  749
462  468
462  474
462  480
462  558
462  750
463  464
463  465
463  466
463  467
463  468
463  469
463  475
463  559
463  751
464  465
464  466
464  467
464  468
464  470
464  476
464  560
464  752
465  466
465  467
465  468
465  471
465  477
465  561
465  753
466  467
466  468
466  472
466  478
466  562
466  754
467  468
467  473
467  479
467  563
467  755
468  474
468  480
468  564
468  756
469  470
469  471
469  472
469  473
469  474
469  475
469  565
469  757
470  471
470  472
470  473
470  474
470  476
470  566
470  758
471  472
471  473
471  474
471  477
471  567
471  759
472  473
472  474
472  478
472  568
472  760
473  474
473  479
473  569
473  761
474  480
474  570
474  762
475  476
475  477
475  478
475  479
475  480
475  571
475  763
476  477
476  478
476  479
476  480
476  572
476  764
477  478
477  479
477  480
477  573
477  765
478  479
478  480
478  574
478  766
479  480
479  575
479  767
480  576
480  768
481  482
481  483
481  484
481  485
481  486
481  487
481  493
481  499
481  505
481  529
481  553
481  769
482  483
482  484
482  485
482  486
482  488
482  494
482  500
482  506
482  530
482  554
482  770
483  484
483  485
483  486
483  489
483  495
483  501
483  507
483  531
483  555
483  771
484  485
484  486
484  490
484  496
484  502
484  508
484  532
484  556
484  772
485  486
485  491
485  497
485  503
485  509
485  533
485  557
485  773
486  492
486  498
486  504
486  510
486  534
486  558
486  774
487  488
487  489
487  490
487  491
487  492
487  493
487  499
487  511
487  535
487  559
487  775
488  489
488  490
488  491
488  492
488  494
488  500
488  512
488  536
488  560
488  776
489  490
489  491
489  492
489  495
489  501
489  513
489  537
489  561
489  777
490  491
490  492
490  496
490  502
490  514
490  538
490  562
490  778
491  492
491  497
491  503
491  515
491  539
491  563
491  779
492  498
492  504
492  516
492  540
492  564
492  780
493  494
493  495
493  496
493  497
493  498
493  499
493  517
493  541
493  565
493  781
494  495
494  496
494  497
494  498
494  500
494  518
494  542
494  566
494  782
495  496
495  497
495  498
495  501
495  519
495  543
495  567
495  783
496  497
496  498
496  502
496  520
496  544
496  568
496  784
497  498
497  503
497  521
497  545
497  569
497  785
498  504
498  522
498  546
498  570
498  786
499  500
499  501
499  502
499  503
499  504
499  523
499  547
499  571
499  787
500  501
500  502
500  503
500  504
500  524
500  548
500  572
500  788
501  502
501  503
501  504
501  525
501  549
501  573
501  789
502  503
502  504
502  526
502  550
502  574
502  790
503  504
503  527
503  551
503  575
503  791
504  528
504  552
504  576
504  792
505  506
505  507
505  508
505  509
505  510
505  511
505  517
505  523
505  529
505  553
505  793
506  507
506  508
506  509
506  510
506  512
506  518
506  524
506  530
506  554
506  794
507  508
507  509
507  510
507  513
507  519
507  525
507  531
507  555
507  795
508  509
508  510
508  514
508  520
508  526
508  532
508  556
508  796
509  510
509  515
509  521
509  527
509  533
509  557
509  797
510  516
510  522
510  528
510  534
510  558
510  798
511  512
511  513
511  514
511  515
511  516
511  517
511  523
511  535
511  559
511  799
512  513
512  514
512  515
512  516
512  518
512  524
512  536
512  560
512  800
513  514
513  515
513  516
513  519
513  525
513  537
513  561
513  801
514  515
514  516
514  520
514  526
514  538
514  562
514  802
515  516
515  521
515  527
515  539
515  563
515  803
516  522
516  528
516  540
516  564
516  804
517  518
517  519
517  520
517  521
517  522
517  523
517  541
517  565
517  805
518  519
518  520
518  521
518  522
518  524
518  542
518  566
518  806
519  520
519  521
519  522
519  525
519  543
519  567
519  807
520  521
520  522
520  526
520  544
520  568
520  808
521  522
521  527
521  545
521  569
521  809
522  528
522  546
522  570
522  810
523  524
523  525
523  526
523  527
523  528
523  547
523  571
523  811
524  525
524  526
524  527
524  528
524  548
524  572
524  812
525  526
525  527
525  528
525  549
525  573
525  813
526  527
526  528
526  550
526  574
526  814
527  528
527  551
527  575
527  815
528  552
528  576
528  816
529  530
529  531
529  532
529  533
529  534
529  535
529  541
529  547
529  553
529  817
530  531
530  532
530  533
530  534
530  536
530  542
530  548
530  554
530  818
531  532
531  533
531  534
531  537
531  543
531  549
531  555
531  819
532  533
532  534
532  538
532  544
532  550
532  556
532  820
533  534
533  539
533  545
533  551
533  557
533  821
534  540
534  546
534  552
534  558
534  822
535  536
535  537
535  538
535  539
535  540
535  541
535  547
535  559
535  823
536  537
536  538
536  539
536  540
536  542
536  548
536  560
536  824
537  538
537  539
537  540
537  543
537  549
537  561
537  825
538  539
538  540
538  544
538  550
538  562
538  826
539  540
539  545
539  551
539  563
539  827
540  546
540  552
540  564
540  828
541  542
541  543
541  544
541  545
541  546
541  547
541  565
541  829
542  543
542  544
542  545
542  546
542  548
542  566
542  830
543  544
543  545
543  546
543  549
543  567
543  831
544  545
544  546
544  550
544  568
544  832
545  546
545  551
545  569
545  833
546  552
546  570
546  834
547  548
547  549
547  550
547  551
547  552
547  571
547  835
548  549
548  550
548  551
548  552
548  572
548  836
549  550
549  551
549  552
549  573
549  837
550  551
550  552
550  574
550  838
551  552
551  575
551  839
552  576
552  840
553  554
553  555
553  556
553  557
553  558
553  559
553  565
553  571
553  841
554  555
554  556
554  557
554  558
554  560
554  566
554  572
554  842
555  556
555  557
555  558
555  561
555  567
555  573
555  843
556  557
556  558
556  562
556  568
556  574
556  844
557  558
557  563
557  569
557  575
557  845
558  564
558  570
558  576
558  846
559  560
559  561
559  562
559  563
559  564
559  565
559  571
559  847
560  561
560  562
560  563
560  564
560  566
560  572
560  848
561  562
561  563
561  564
561  567
561  573
561  849
562  563
562  564
562  568
562  574
562  850
563  564
563  569
563  575
563  851
564  570
564  576
564  852
565  566
565  567
565  568
565  569
565  570
565  571
565  853
566  567
566  568
566  569
566  570
566  572
566  854
567  568
567  569
567  570
567  573
567  855
568  569
568  570
568  574
568  856
569  570
569  575
569  857
570  576
570  858
571  572
571  573
571  574
571  575
571  576
571  859
572  573
572  574
572  575
572  576
572  860
573  574
573  575
573  576
573  861
574  575
574  576
574  862
575  576
575  863
576  864
577  578
577  579
577  580
577  581
577  582
577  583
577  589
577  595
577  601
577  625
577  649
577  673
577  769
578  579
578  580
578  581
578  582
578  584
578  590
578  596
578  602
578  626
578  650
578  674
578  770
579  580
579  581
579  582
579  585
579  591
579  597
579  603
579  627
579  651
579  675
579  771
580  581
580  582
580  586
580  592
580  598
580  604
580  628
580  652
580  676
580  772
581  582
581  587
581  593
581  599
581  605
581  629
581  653
581  677
581  773
582  588
582  594
582  600
582  606
582  630
582  654
582  678
582  774
583  584
583  585
583  586
583  587
583  588
583  589
583  595
583  607
583  631
583  655
583  679
583  775
584  585
584  586
584  587
584  588
584  590
584  596
584  608
584  632
584  656
584  680
584  776
585  586
585  587
585  588
585  591
585  597
585  609
585  633
585  657
585  681
585  777
586  587
586  588
586  592
586  598
586  610
586  634
586  658
586  682
586  778
587  588
587  593
587  599
587  611
587  635
587  659
587  683
587  779
588  594
588  600
588  612
588  636
588  660
588  684
588  780
589  590
589  591
589  592
589  593
589  594
589  595
589  613
589  637
589  661
589  685
589  781
590  591
590  592
590  593
590  594
590  596
590  614
590  638
590  662
590  686
590  782
591  592
591  593
591  594
591  597
591  615
591  639
591  663
591  687
591  783
592  593
592  594
592  598
592  616
592  640
592  664
592  688
592  784
593  594
593  599
593  617
593  641
593  665
593  689
593  785
594  600
594  618
594  642
594  666
594  690
594  786
595  596
595  597
595  598
595  599
595  600
595  619
595  643
595  667
595  691
595  787
596  597
596  598
596  599
596  600
596  620
596  644
596  668
596  692
596  788
597  598
597  599
597  600
597  621
597  645
597  669
597  693
597  789
598  599
598  600
598  622
598  646
598  670
598  694
598  790
599  600
599  623
599  647
599  671
599  695
599  791
600  624
600  648
600  672
600  696
600  792
601  602
601  603
601  604
601  605
601  606
601  607
601  613
601  619
601  625
601  649
601  697
601  793
602  603
602  604
602  605
602  606
602  608
602  614
602  620
602  626
602  650
602  698
602  794
603  604
603  605
603  606
603  609
603  615
603  621
603  627
603  651
603  699
603  795
604  605
604  606
604  610
604  616
604  622
604  628
604  652
604  700
604  796
605  606
605  611
605  617
605  623
605  629
605  653
605  701
605  797
606  612
606  618
606  624
606  630
606  654
606  702
606  798
607  608
607  609
607  610
607  611
607  612
607  613
607  619
607  631
607  655
607  703
607  799
608  609
608  610
608  611
608  612
608  614
608  620
608  632
608  656
608  704
608  800
609  610
609  611
609  612
609  615
609  621
609  633
609  657
609  705
609  801
610  611
610  612
610  616
610  622
610  634
610  658
610  706
610  802
611  612
611  617
611  623
611  635
611  659
611  707
611  803
612  618
612  624
612  636
612  660
612  708
612  804
613  614
613  615
613  616
613  617
613  618
613  619
613  637
613  661
613  709
613  805
614  615
614  616
614  617
614  618
614  620
614  638
614  662
614  710
614  806
615  616
615  617
615  618
615  621
615  639
615  663
615  711
615  807
616  617
616  618
616  622
616  640
616  664
616  712
616  808
617  618
617  623
617  641
617  665
617  713
617  809
618  624
618  642
618  666
618  714
618  810
619  620
619  621
619  622
619  623
619  624
619  643
619  667
619  715
619  811
620  621
620  622
620  623
620  624
620  644
620  668
620  716
620  812
621  622
621  623
621  624
621  645
621  669
621  717
621  813
622  623
622  624
622  646
622  670
622  718
622  814
623  624
623  647
623  671
623  719
623  815
624  648
624  672
624  720
624  816
625  626
625  627
625  628
625  629
625  630
625  631
625  637
625  643
625  649
625  721
625  817
626  627
626  628
626  629
626  630
626  632
626  638
626  644
626  650
626  722
626  818
627  628
627  629
627  630
627  633
627  639
627  645
627  651
627  723
627  819
628  629
628  630
628  634
628  640
628  646
628  652
628  724
628  820
629  630
629  635
629  641
629  647
629  653
629  725
629  821
630  636
630  642
630  648
630  654
630  726
630  822
631  632
631  633
631  634
631  635
631  636
631  637
631  643
631  655
631  727
631  823
632  633
632  634
632  635
632  636
632  638
632  644
632  656
632  728
632  824
633  634
633  635
633  636
633  639
633  645
633  657
633  729
633  825
634  635
634  636
634  640
634  646
634  658
634  730
634  826
635  636
635  641
635  647
635  659
635  731
635  827
636  642
636  648
636  660
636  732
636  828
637  638
637  639
637  640
637  641
637  642
637  643
637  661
637  733
637  829
638  639
638  640
638  641
638  642
638  644
638  662
638  734
638  830
639  640
639  641
639  642
639  645
639  663
639  735
639  831
640  641
640  642
640  646
640  664
640  736
640  832
641  642
641  647
641  665
641  737
641  833
642  648
642  666
642  738
642  834
643  644
643  645
643  646
643  647
643  648
643  667
643  739
643  835
644  645
644  646
644  647
644  648
644  668
644  740
644  836
645  646
645  647
645  648
645  669
645  741
645  837
646  647
646  648
646  670
646  742
646  838
647  648
647  671
647  743
647  839
648  672
648  744
648  840
649  650
649  651
649  652
649  653
649  654
649  655
649  661
649  667
649  745
649  841
650  651
650  652
650  653
650  654
650  656
650  662
650  668
650  746
650  842
651  652
651  653
651  654
651  657
651  663
651  669
651  747
651  843
652  653
652  654
652  658
652  664
652  670
652  748
652  844
653  654
653  659
653  665
653  671
653  749
653  845
654  660
654  666
654  672
654  750
654  846
655  656
655  657
655  658
655  659
655  660
655  661
655  667
655  751
655  847
656  657
656  658
656  659
656  660
656  662
656  668
656  752
656  848
657  658
657  659
657  660
657  663
657  669
657  753
657  849
658  659
658  660
658  664
658  670
658  754
658  850
659  660
659  665
659  671
659  755
659  851
660  666
660  672
660  756
660  852
661  662
661  663
661  664
661  665
661  666
661  667
661  757
661  853
662  663
662  664
662  665
662  666
662  668
662  758
662  854
663  664
663  665
663  666
663  669
663  759
663  855
664  665
664  666
664  670
664  760
664  856
665  666
665  671
665  761
665  857
666  672
666  762
666  858
667  668
667  669
667  670
667  671
667  672
667  763
667  859
668  669
668  670
668  671
668  672
668  764
668  860
669  670
669  671
669  672
669  765
669  861
670  671
670  672
670  766
670  862
671  672
671  767
671  863
672  768
672  864
673  674
673  675
673  676
673  677
673  678
673  679
673  685
673  691
673  697
673  721
673  745
673  769
674  675
674  676
674  677
674  678
674  680
674  686
674  692
674  698
674  722
674  746
674  770
675  676
675  677
675  678
675  681
675  687
675  693
675  699
675  723
675  747
675  771
676  677
676  678
676  682
676  688
676  694
676  700
676  724
676  748
676  772
677  678
677  683
677  689
677  695
677  701
677  725
677  749
677  773
678  684
678  690
678  696
678  702
678  726
678  750
678  774
679  680
679  681
679  682
679  683
679  684
679  685
679  691
679  703
679  727
679  751
679  775
680  681
680  682
680  683
680  684
680  686
680  692
680  704
680  728
680  752
680  776
681  682
681  683
681  684
681  687
681  693
681  705
681  729
681  753
681  777
682  683
682  684
682  688
682  694
682  706
682  730
682  754
682  778
683  684
683  689
683  695
683  707
683  731
683  755
683  779
684  690
684  696
684  708
684  732
684  756
684  780
685  686
685  687
685  688
685  689
685  690
685  691
685  709
685  733
685  757
685  781
686  687
686  688
686  689
686  690
686  692
686  710
686  734
686  758
686  782
687  688
687  689
687  690
687  693
687  711
687  735
687  759
687  783
688  689
688  690
688  694
688  712
688  736
688  760
688  784
689  690
689  695
689  713
689  737
689  761
689  785
690  696
690  714
690  738
690  762
690  786
691  692
691  693
691  694
691  695
691  696
691  715
691  739
691  763
691  787
692  693
692  694
692  695
692  696
692  716
692  740
692  764
692  788
693  694
693  695
693  696
693  717
693  741
693  765
693  789
694  695
694  696
694  718
694  742
694  766
694  790
695  696
695  719
695  743
695  767
695  791
696  720
696  744
696  768
696  792
697  698
697  699
697  700
697  701
697  702
697  703
697  709
697  715
697  721
697  745
697  793
698  699
698  700
698  701
698  702
698  704
698  710
698  716
698  722
698  746
698  794
699  700
699  701
699  702
699  705
699  711
699  717
699  723
699  747
699  795
700  701
700  702
700  706
700  712
700  718
700  724
700  748
700  796
701  702
701  707
701  713
701  719
701  725
701  749
701  797
702  708
702  714
702  720
702  726
702  750
702  798
703  704
703  705
703  706
703  707
703  708
703  709
703  715
703  727
703  751
703  799
704  705
704  706
704  707
704  708
704  710
704  716
704  728
704  752
704  800
705  706
705  707
705  708
705  711
705  717
705  729
705  753
705  801
706  707
706  708
706  712
706  718
706  730
706  754
706  802
707  708
707  713
707  719
707  731
707  755
707  803
708  714
708  720
708  732
708  756
708  804
709  710
709  711
709  712
709  713
709  714
709  715
709  733
709  757
709  805
710  711
710  712
710  713
710  714
710  716
710  734
710  758
710  806
711  712
711  713
711  714
711  717
711  735
711  759
711  807
712  713
712  714
712  718
712  736
712  760
712  808
713  714
713  719
713  737
713  761
713  809
714  720
714  738
714  762
714  810
715  716
715  717
715  718
715  719
715  720
715  739
715  763
715  811
716  717
716  718
716  719
716  720
716  740
716  764
716  812
717  718
717  719
717  720
717  741
717  765
717  813
718  719
718  720
718  742
718  766
718  814
719  720
719  743
719  767
719  815
720  744
720  768
720  816
721  722
721  723
721  724
721  725
721  726
721  727
721  733
721  739
721  745
721  817
722  723
722  724
722  725
722  726
722  728
722  734
722  740
722  746
722  818
723  724
723  725
723  726
723  729
723  735
723  741
723  747
723  819
724  725
724  726
724  730
724  736
724  742
724  748
724  820
725  726
725  731
725  737
725  743
725  749
725  821
726  732
726  738
726  744
726  750
726  822
727  728
727  729
727  730
727  731
727  732
727  733
727  739
727  751
727  823
728  729
728  730
728  731
728  732
728  734
728  740
728  752
728  824
729  730
729  731
729  732
729  735
729  741
729  753
729  825
730  731
730  732
730  736
730  742
730  754
730  826
731  732
731  737
731  743
731  755
731  827
732  738
732  744
732  756
732  828
733  734
733  735
733  736
733  737
733  738
733  739
733  757
733  829
734  735
734  736
734  737
734  738
734  740
734  758
734  830
735  736
735  737
735  738
735  741
735  759
735  831
736  737
736  738
736  742
736  760
736  832
737  738
737  743
737  761
737  833
738  744
738  762
738  834
739  740
739  741
739  742
739  743
739  744
739  763
739  835
740  741
740  742
740  743
740  744
740  764
740  836
741  742
741  743
741  744
741  765
741  837
742  743
742  744
742  766
742  838
743  744
743  767
743  839
744  768
744  840
745  746
745  747
745  748
745  749
745  750
745  751
745  757
745  763
745  841
746  747
746  748
746  749
746  750
746  752
746  758
746  764
746  842
747  748
747  749
747  750
747  753
747  759
747  765
747  843
748  749
748  750
748  754
748  760
748  766
748  844
749  750
749  755
749  761
749  767
749  845
750  756
750  762
750  768
750  846
751  752
751  753
751  754
751  755
751  756
751  757
751  763
751  847
752  753
752  754
752  755
752  756
752  758
752  764
752  848
753  754
753  755
753  756
753  759
753  765
753  849
754  755
754  756
754  760
754  766
754  850
755  756
755  761
755  767
755  851
756  762
756  768
756  852
757  758
757  759
757  760
757  761
757  762
757  763
757  853
758  759
758  760
758  761
758  762
758  764
758  854
759  760
759  761
759  762
759  765
759  855
760  761
760  762
760  766
760  856
761  762
761  767
761  857
762  768
762  858
763  764
763  765
763  766
763  767
763  768
763  859
764  765
764  766
764  767
764  768
764  860
765  766
765  767
765  768
765  861
766  767
766  768
766  862
767  768
767  863
768  864
769  770
769  771
769  772
769  773
769  774
769  775
769  781
769  787
769  793
769  817
769  841
770  771
770  772
770  773
770  774
770  776
770  782
770  788
770  794
770  818
770  842
771  772
771  773
771  774
771  777
771  783
771  789
771  795
771  819
771  843
772  773
772  774
772  778
772  784
772  790
772  796
772  820
772  844
773  774
773  779
773  785
773  791
773  797
773  821
773  845
774  780
774  786
774  792
774  798
774  822
774  846
775  776
775  777
775  778
775  779
775  780
775  781
775  787
775  799
775  823
775  847
776  777
776  778
776  779
776  780
776  782
776  788
776  800
776  824
776  848
777  778
777  779
777  780
777  783
777  789
777  801
777  825
777  849
778  779
778  780
778  784
778  790
778  802
778  826
778  850
779  780
779  785
779  791
779  803
779  827
779  851
780  786
780  792
780  804
780  828
780  852
781  782
781  783
781  784
781  785
781  786
781  787
781  805
781  829
781  853
782  783
782  784
782  785
782  786
782  788
782  806
782  830
782  854
783  784
783  785
783  786
783  789
783  807
783  831
783  855
784  785
784  786
784  790
784  808
784  832
784  856
785  786
785  791
785  809
785  833
785  857
786  792
786  810
786  834
786  858
787  788
787  789
787  790
787  791
787  792
787  811
787  835
787  859
788  789
788  790
788  791
788  792
788  812
788  836
788  860
789  790
789  791
789  792
789  813
789  837
789  861
790  791
790  792
790  814
790  838
790  862
791  792
791  815
791  839
791  863
792  816
792  840
792  864
793  794
793  795
793  796
793  797
793  798
793  799
793  805
793  811
793  817
793  841
794  795
794  796
794  797
794  798
794  800
794  806
794  812
794  818
794  842
795  796
795  797
795  798
795  801
795  807
795  813
795  819
795  843
796  797
796  798
796  802
796  808
796  814
796  820
796  844
797  798
797  803
797  809
797  815
797  821
797  845
798  804
798  810
798  816
798  822
798  846
799  800
799  801
799  802
799  803
799  804
799  805
799  811
799  823
799  847
800  801
800  802
800  803
800  804
800  806
800  812
800  824
800  848
801  802
801  803
801  804
801  807
801  813
801  825
801  849
802  803
802  804
802  808
802  814
802  826
802  850
803  804
803  809
803  815
803  827
803  851
804  810
804  816
804  828
804  852
805  806
805  807
805  808
805  809
805  810
805  811
805  829
805  853
806  807
806  808
806  809
806  810
806  812
806  830
806  854
807  808
807  809
807  810
807  813
807  831
807  855
808  809
808  810
808  814
808  832
808  856
809  810
809  815
809  833
809  857
810  816
810  834
810  858
811  812
811  813
811  814
811  815
811  816
811  835
811  859
812  813
812  814
812  815
812  816
812  836
812  860
813  814
813  815
813  816
813  837
813  861
814  815
814  816
814  838
814  862
815  816
815  839
815  863
816  840
816  864
817  818
817  819
817  820
817  821
817  822
817  823
817  829
817  835
817  841
818  819
818  820
818  821
818  822
818  824
818  830
818  836
818  842
819  820
819  821
819  822
819  825
819  831
819  837
819  843
820  821
820  822
820  826
820  832
820  838
820  844
821  822
821  827
821  833
821  839
821  845
822  828
822  834
822  840
822  846
823  824
823  825
823  826
823  827
823  828
823  829
823  835
823  847
824  825
824  826
824  827
824  828
824  830
824  836
824  848
825  826
825  827
825  828
825  831
825  837
825  849
826  827
826  828
826  832
826  838
826  850
827  828
827  833
827  839
827  851
828  834
828  840
828  852
829  830
829  831
829  832
829  833
829  834
829  835
829  853
830  831
830  832
830  833
830  834
830  836
830  854
831  832
831  833
831  834
831  837
831  855
832  833
832  834
832  838
832  856
833  834
833  839
833  857
834  840
834  858
835  836
835  837
835  838
835  839
835  840
835  859
836  837
836  838
836  839
836  840
836  860
837  838
837  839
837  840
837  861
838  839
838  840
838  862
839  840
839  863
840  864
841  842
841  843
841  844
841  845
841  846
841  847
841  853
841  859
842  843
842  844
842  845
842  846
842  848
842  854
842  860
843  844
843  845
843  846
843  849
843  855
843  861
844  845
844  846
844  850
844  856
844  862
845  846
845  851
845  857
845  863
846  852
846  858
846  864
847  848
847  849
847  850
847  851
847  852
847  853
847  859
848  849
848  850
848  851
848  852
848  854
848  860
849  850
849  851
849  852
849  855
849  861
850  851
850  852
850  856
850  862
851  852
851  857
851  863
852  858
852  864
853  854
853  855
853  856
853  857
853  858
853  859
854  855
854  856
854  857
854  858
854  860
855  856
855  857
855  858
855  861
856  857
856  858
856  862
857  858
857  863
858  864
859  860
859  861
859  862
859  863
859  864
860  861
860  862
860  863
860  864
861  862
861  863
861  864
862  863
862  864
863  864
