Problem name: hamming2x3x3x7x8.txt 	 Optimal solution = 126
1008 1008 9072
1  2
1  3
1  4
1  5
1  6
1  7
1  8
1  9
1  17
1  25
1  33
1  41
1  49
1  57
1  113
1  169
1  337
1  505
2  3
2  4
2  5
2  6
2  7
2  8
2  10
2  18
2  26
2  34
2  42
2  50
2  58
2  114
2  170
2  338
2  506
3  4
3  5
3  6
3  7
3  8
3  11
3  19
3  27
3  35
3  43
3  51
3  59
3  115
3  171
3  339
3  507
4  5
4  6
4  7
4  8
4  12
4  20
4  28
4  36
4  44
4  52
4  60
4  116
4  172
4  340
4  508
5  6
5  7
5  8
5  13
5  21
5  29
5  37
5  45
5  53
5  61
5  117
5  173
5  341
5  509
6  7
6  8
6  14
6  22
6  30
6  38
6  46
6  54
6  62
6  118
6  174
6  342
6  510
7  8
7  15
7  23
7  31
7  39
7  47
7  55
7  63
7  119
7  175
7  343
7  511
8  16
8  24
8  32
8  40
8  48
8  56
8  64
8  120
8  176
8  344
8  512
9  10
9  11
9  12
9  13
9  14
9  15
9  16
9  17
9  25
9  33
9  41
9  49
9  65
9  121
9  177
9  345
9  513
10  11
10  12
10  13
10  14
10  15
10  16
10  18
10  26
10  34
10  42
10  50
10  66
10  122
10  178
10  346
10  514
11  12
11  13
11  14
11  15
11  16
11  19
11  27
11  35
11  43
11  51
11  67
11  123
11  179
11  347
11  515
12  13
12  14
12  15
12  16
12  20
12  28
12  36
12  44
12  52
12  68
12  124
12  180
12  348
12  516
13  14
13  15
13  16
13  21
13  29
13  37
13  45
13  53
13  69
13  125
13  181
13  349
13  517
14  15
14  16
14  22
14  30
14  38
14  46
14  54
14  70
14  126
14  182
14  350
14  518
15  16
15  23
15  31
15  39
15  47
15  55
15  71
15  127
15  183
15  351
15  519
16  24
16  32
16  40
16  48
16  56
16  72
16  128
16  184
16  352
16  520
17  18
17  19
17  20
17  21
17  22
17  23
17  24
17  25
17  33
17  41
17  49
17  73
17  129
17  185
17  353
17  521
18  19
18  20
18  21
18  22
18  23
18  24
18  26
18  34
18  42
18  50
18  74
18  130
18  186
18  354
18  522
19  20
19  21
19  22
19  23
19  24
19  27
19  35
19  43
19  51
19  75
19  131
19  187
19  355
19  523
20  21
20  22
20  23
20  24
20  28
20  36
20  44
20  52
20  76
20  132
20  188
20  356
20  524
21  22
21  23
21  24
21  29
21  37
21  45
21  53
21  77
21  133
21  189
21  357
21  525
22  23
22  24
22  30
22  38
22  46
22  54
22  78
22  134
22  190
22  358
22  526
23  24
23  31
23  39
23  47
23  55
23  79
23  135
23  191
23  359
23  527
24  32
24  40
24  48
24  56
24  80
24  136
24  192
24  360
24  528
25  26
25  27
25  28
25  29
25  30
25  31
25  32
25  33
25  41
25  49
25  81
25  137
25  193
25  361
25  529
26  27
26  28
26  29
26  30
26  31
26  32
26  34
26  42
26  50
26  82
26  138
26  194
26  362
26  530
27  28
27  29
27  30
27  31
27  32
27  35
27  43
27  51
27  83
27  139
27  195
27  363
27  531
28  29
28  30
28  31
28  32
28  36
28  44
28  52
28  84
28  140
28  196
28  364
28  532
29  30
29  31
29  32
29  37
29  45
29  53
29  85
29  141
29  197
29  365
29  533
30  31
30  32
30  38
30  46
30  54
30  86
30  142
30  198
30  366
30  534
31  32
31  39
31  47
31  55
31  87
31  143
31  199
31  367
31  535
32  40
32  48
32  56
32  88
32  144
32  200
32  368
32  536
33  34
33  35
33  36
33  37
33  38
33  39
33  40
33  41
33  49
33  89
33  145
33  201
33  369
33  537
34  35
34  36
34  37
34  38
34  39
34  40
34  42
34  50
34  90
34  146
34  202
34  370
34  538
35  36
35  37
35  38
35  39
35  40
35  43
35  51
35  91
35  147
35  203
35  371
35  539
36  37
36  38
36  39
36  40
36  44
36  52
36  92
36  148
36  204
36  372
36  540
37  38
37  39
37  40
37  45
37  53
37  93
37  149
37  205
37  373
37  541
38  39
38  40
38  46
38  54
38  94
38  150
38  206
38  374
38  542
39  40
39  47
39  55
39  95
39  151
39  207
39  375
39  543
40  48
40  56
40  96
40  152
40  208
40  376
40  544
41  42
41  43
41  44
41  45
41  46
41  47
41  48
41  49
41  97
41  153
41  209
41  377
41  545
42  43
42  44
42  45
42  46
42  47
42  48
42  50
42  98
42  154
42  210
42  378
42  546
43  44
43  45
43  46
43  47
43  48
43  51
43  99
43  155
43  211
43  379
43  547
44  45
44  46
44  47
44  48
44  52
44  100
44  156
44  212
44  380
44  548
45  46
45  47
45  48
45  53
45  101
45  157
45  213
45  381
45  549
46  47
46  48
46  54
46  102
46  158
46  214
46  382
46  550
47  48
47  55
47  103
47  159
47  215
47  383
47  551
48  56
48  104
48  160
48  216
48  384
48  552
49  50
49  51
49  52
49  53
49  54
49  55
49  56
49  105
49  161
49  217
49  385
49  553
50  51
50  52
50  53
50  54
50  55
50  56
50  106
50  162
50  218
50  386
50  554
51  52
51  53
51  54
51  55
51  56
51  107
51  163
51  219
51  387
51  555
52  53
52  54
52  55
52  56
52  108
52  164
52  220
52  388
52  556
53  54
53  55
53  56
53  109
53  165
53  221
53  389
53  557
54  55
54  56
54  110
54  166
54  222
54  390
54  558
55  56
55  111
55  167
55  223
55  391
55  559
56  112
56  168
56  224
56  392
56  560
57  58
57  59
57  60
57  61
57  62
57  63
57  64
57  65
57  73
57  81
57  89
57  97
57  105
57  113
57  225
57  393
57  561
58  59
58  60
58  61
58  62
58  63
58  64
58  66
58  74
58  82
58  90
58  98
58  106
58  114
58  226
58  394
58  562
59  60
59  61
59  62
59  63
59  64
59  67
59  75
59  83
59  91
59  99
59  107
59  115
59  227
59  395
59  563
60  61
60  62
60  63
60  64
60  68
60  76
60  84
60  92
60  100
60  108
60  116
60  228
60  396
60  564
61  62
61  63
61  64
61  69
61  77
61  85
61  93
61  101
61  109
61  117
61  229
61  397
61  565
62  63
62  64
62  70
62  78
62  86
62  94
62  102
62  110
62  118
62  230
62  398
62  566
63  64
63  71
63  79
63  87
63  95
63  103
63  111
63  119
63  231
63  399
63  567
64  72
64  80
64  88
64  96
64  104
64  112
64  120
64  232
64  400
64  568
65  66
65  67
65  68
65  69
65  70
65  71
65  72
65  73
65  81
65  89
65  97
65  105
65  121
65  233
65  401
65  569
66  67
66  68
66  69
66  70
66  71
66  72
66  74
66  82
66  90
66  98
66  106
66  122
66  234
66  402
66  570
67  68
67  69
67  70
67  71
67  72
67  75
67  83
67  91
67  99
67  107
67  123
67  235
67  403
67  571
68  69
68  70
68  71
68  72
68  76
68  84
68  92
68  100
68  108
68  124
68  236
68  404
68  572
69  70
69  71
69  72
69  77
69  85
69  93
69  101
69  109
69  125
69  237
69  405
69  573
70  71
70  72
70  78
70  86
70  94
70  102
70  110
70  126
70  238
70  406
70  574
71  72
71  79
71  87
71  95
71  103
71  111
71  127
71  239
71  407
71  575
72  80
72  88
72  96
72  104
72  112
72  128
72  240
72  408
72  576
73  74
73  75
73  76
73  77
73  78
73  79
73  80
73  81
73  89
73  97
73  105
73  129
73  241
73  409
73  577
74  75
74  76
74  77
74  78
74  79
74  80
74  82
74  90
74  98
74  106
74  130
74  242
74  410
74  578
75  76
75  77
75  78
75  79
75  80
75  83
75  91
75  99
75  107
75  131
75  243
75  411
75  579
76  77
76  78
76  79
76  80
76  84
76  92
76  100
76  108
76  132
76  244
76  412
76  580
77  78
77  79
77  80
77  85
77  93
77  101
77  109
77  133
77  245
77  413
77  581
78  79
78  80
78  86
78  94
78  102
78  110
78  134
78  246
78  414
78  582
79  80
79  87
79  95
79  103
79  111
79  135
79  247
79  415
79  583
80  88
80  96
80  104
80  112
80  136
80  248
80  416
80  584
81  82
81  83
81  84
81  85
81  86
81  87
81  88
81  89
81  97
81  105
81  137
81  249
81  417
81  585
82  83
82  84
82  85
82  86
82  87
82  88
82  90
82  98
82  106
82  138
82  250
82  418
82  586
83  84
83  85
83  86
83  87
83  88
83  91
83  99
83  107
83  139
83  251
83  419
83  587
84  85
84  86
84  87
84  88
84  92
84  100
84  108
84  140
84  252
84  420
84  588
85  86
85  87
85  88
85  93
85  101
85  109
85  141
85  253
85  421
85  589
86  87
86  88
86  94
86  102
86  110
86  142
86  254
86  422
86  590
87  88
87  95
87  103
87  111
87  143
87  255
87  423
87  591
88  96
88  104
88  112
88  144
88  256
88  424
88  592
89  90
89  91
89  92
89  93
89  94
89  95
89  96
89  97
89  105
89  145
89  257
89  425
89  593
90  91
90  92
90  93
90  94
90  95
90  96
90  98
90  106
90  146
90  258
90  426
90  594
91  92
91  93
91  94
91  95
91  96
91  99
91  107
91  147
91  259
91  427
91  595
92  93
92  94
92  95
92  96
92  100
92  108
92  148
92  260
92  428
92  596
93  94
93  95
93  96
93  101
93  109
93  149
93  261
93  429
93  597
94  95
94  96
94  102
94  110
94  150
94  262
94  430
94  598
95  96
95  103
95  111
95  151
95  263
95  431
95  599
96  104
96  112
96  152
96  264
96  432
96  600
97  98
97  99
97  100
97  101
97  102
97  103
97  104
97  105
97  153
97  265
97  433
97  601
98  99
98  100
98  101
98  102
98  103
98  104
98  106
98  154
98  266
98  434
98  602
99  100
99  101
99  102
99  103
99  104
99  107
99  155
99  267
99  435
99  603
100  101
100  102
100  103
100  104
100  108
100  156
100  268
100  436
100  604
101  102
101  103
101  104
101  109
101  157
101  269
101  437
101  605
102  103
102  104
102  110
102  158
102  270
102  438
102  606
103  104
103  111
103  159
103  271
103  439
103  607
104  112
104  160
104  272
104  440
104  608
105  106
105  107
105  108
105  109
105  110
105  111
105  112
105  161
105  273
105  441
105  609
106  107
106  108
106  109
106  110
106  111
106  112
106  162
106  274
106  442
106  610
107  108
107  109
107  110
107  111
107  112
107  163
107  275
107  443
107  611
108  109
108  110
108  111
108  112
108  164
108  276
108  444
108  612
109  110
109  111
109  112
109  165
109  277
109  445
109  613
110  111
110  112
110  166
110  278
110  446
110  614
111  112
111  167
111  279
111  447
111  615
112  168
112  280
112  448
112  616
113  114
113  115
113  116
113  117
113  118
113  119
113  120
113  121
113  129
113  137
113  145
113  153
113  161
113  281
113  449
113  617
114  115
114  116
114  117
114  118
114  119
114  120
114  122
114  130
114  138
114  146
114  154
114  162
114  282
114  450
114  618
115  116
115  117
115  118
115  119
115  120
115  123
115  131
115  139
115  147
115  155
115  163
115  283
115  451
115  619
116  117
116  118
116  119
116  120
116  124
116  132
116  140
116  148
116  156
116  164
116  284
116  452
116  620
117  118
117  119
117  120
117  125
117  133
117  141
117  149
117  157
117  165
117  285
117  453
117  621
118  119
118  120
118  126
118  134
118  142
118  150
118  158
118  166
118  286
118  454
118  622
119  120
119  127
119  135
119  143
119  151
119  159
119  167
119  287
119  455
119  623
120  128
120  136
120  144
120  152
120  160
120  168
120  288
120  456
120  624
121  122
121  123
121  124
121  125
121  126
121  127
121  128
121  129
121  137
121  145
121  153
121  161
121  289
121  457
121  625
122  123
122  124
122  125
122  126
122  127
122  128
122  130
122  138
122  146
122  154
122  162
122  290
122  458
122  626
123  124
123  125
123  126
123  127
123  128
123  131
123  139
123  147
123  155
123  163
123  291
123  459
123  627
124  125
124  126
124  127
124  128
124  132
124  140
124  148
124  156
124  164
124  292
124  460
124  628
125  126
125  127
125  128
125  133
125  141
125  149
125  157
125  165
125  293
125  461
125  629
126  127
126  128
126  134
126  142
126  150
126  158
126  166
126  294
126  462
126  630
127  128
127  135
127  143
127  151
127  159
127  167
127  295
127  463
127  631
128  136
128  144
128  152
128  160
128  168
128  296
128  464
128  632
129  130
129  131
129  132
129  133
129  134
129  135
129  136
129  137
129  145
129  153
129  161
129  297
129  465
129  633
130  131
130  132
130  133
130  134
130  135
130  136
130  138
130  146
130  154
130  162
130  298
130  466
130  634
131  132
131  133
131  134
131  135
131  136
131  139
131  147
131  155
131  163
131  299
131  467
131  635
132  133
132  134
132  135
132  136
132  140
132  148
132  156
132  164
132  300
132  468
132  636
133  134
133  135
133  136
133  141
133  149
133  157
133  165
133  301
133  469
133  637
134  135
134  136
134  142
134  150
134  158
134  166
134  302
134  470
134  638
135  136
135  143
135  151
135  159
135  167
135  303
135  471
135  639
136  144
136  152
136  160
136  168
136  304
136  472
136  640
137  138
137  139
137  140
137  141
137  142
137  143
137  144
137  145
137  153
137  161
137  305
137  473
137  641
138  139
138  140
138  141
138  142
138  143
138  144
138  146
138  154
138  162
138  306
138  474
138  642
139  140
139  141
139  142
139  143
139  144
139  147
139  155
139  163
139  307
139  475
139  643
140  141
140  142
140  143
140  144
140  148
140  156
140  164
140  308
140  476
140  644
141  142
141  143
141  144
141  149
141  157
141  165
141  309
141  477
141  645
142  143
142  144
142  150
142  158
142  166
142  310
142  478
142  646
143  144
143  151
143  159
143  167
143  311
143  479
143  647
144  152
144  160
144  168
144  312
144  480
144  648
145  146
145  147
145  148
145  149
145  150
145  151
145  152
145  153
145  161
145  313
145  481
145  649
146  147
146  148
146  149
146  150
146  151
146  152
146  154
146  162
146  314
146  482
146  650
147  148
147  149
147  150
147  151
147  152
147  155
147  163
147  315
147  483
147  651
148  149
148  150
148  151
148  152
148  156
148  164
148  316
148  484
148  652
149  150
149  151
149  152
149  157
149  165
149  317
149  485
149  653
150  151
150  152
150  158
150  166
150  318
150  486
150  654
151  152
151  159
151  167
151  319
151  487
151  655
152  160
152  168
152  320
152  488
152  656
153  154
153  155
153  156
153  157
153  158
153  159
153  160
153  161
153  321
153  489
153  657
154  155
154  156
154  157
154  158
154  159
154  160
154  162
154  322
154  490
154  658
155  156
155  157
155  158
155  159
155  160
155  163
155  323
155  491
155  659
156  157
156  158
156  159
156  160
156  164
156  324
156  492
156  660
157  158
157  159
157  160
157  165
157  325
157  493
157  661
158  159
158  160
158  166
158  326
158  494
158  662
159  160
159  167
159  327
159  495
159  663
160  168
160  328
160  496
160  664
161  162
161  163
161  164
161  165
161  166
161  167
161  168
161  329
161  497
161  665
162  163
162  164
162  165
162  166
162  167
162  168
162  330
162  498
162  666
163  164
163  165
163  166
163  167
163  168
163  331
163  499
163  667
164  165
164  166
164  167
164  168
164  332
164  500
164  668
165  166
165  167
165  168
165  333
165  501
165  669
166  167
166  168
166  334
166  502
166  670
167  168
167  335
167  503
167  671
168  336
168  504
168  672
169  170
169  171
169  172
169  173
169  174
169  175
169  176
169  177
169  185
169  193
169  201
169  209
169  217
169  225
169  281
169  337
169  673
170  171
170  172
170  173
170  174
170  175
170  176
170  178
170  186
170  194
170  202
170  210
170  218
170  226
170  282
170  338
170  674
171  172
171  173
171  174
171  175
171  176
171  179
171  187
171  195
171  203
171  211
171  219
171  227
171  283
171  339
171  675
172  173
172  174
172  175
172  176
172  180
172  188
172  196
172  204
172  212
172  220
172  228
172  284
172  340
172  676
173  174
173  175
173  176
173  181
173  189
173  197
173  205
173  213
173  221
173  229
173  285
173  341
173  677
174  175
174  176
174  182
174  190
174  198
174  206
174  214
174  222
174  230
174  286
174  342
174  678
175  176
175  183
175  191
175  199
175  207
175  215
175  223
175  231
175  287
175  343
175  679
176  184
176  192
176  200
176  208
176  216
176  224
176  232
176  288
176  344
176  680
177  178
177  179
177  180
177  181
177  182
177  183
177  184
177  185
177  193
177  201
177  209
177  217
177  233
177  289
177  345
177  681
178  179
178  180
178  181
178  182
178  183
178  184
178  186
178  194
178  202
178  210
178  218
178  234
178  290
178  346
178  682
179  180
179  181
179  182
179  183
179  184
179  187
179  195
179  203
179  211
179  219
179  235
179  291
179  347
179  683
180  181
180  182
180  183
180  184
180  188
180  196
180  204
180  212
180  220
180  236
180  292
180  348
180  684
181  182
181  183
181  184
181  189
181  197
181  205
181  213
181  221
181  237
181  293
181  349
181  685
182  183
182  184
182  190
182  198
182  206
182  214
182  222
182  238
182  294
182  350
182  686
183  184
183  191
183  199
183  207
183  215
183  223
183  239
183  295
183  351
183  687
184  192
184  200
184  208
184  216
184  224
184  240
184  296
184  352
184  688
185  186
185  187
185  188
185  189
185  190
185  191
185  192
185  193
185  201
185  209
185  217
185  241
185  297
185  353
185  689
186  187
186  188
186  189
186  190
186  191
186  192
186  194
186  202
186  210
186  218
186  242
186  298
186  354
186  690
187  188
187  189
187  190
187  191
187  192
187  195
187  203
187  211
187  219
187  243
187  299
187  355
187  691
188  189
188  190
188  191
188  192
188  196
188  204
188  212
188  220
188  244
188  300
188  356
188  692
189  190
189  191
189  192
189  197
189  205
189  213
189  221
189  245
189  301
189  357
189  693
190  191
190  192
190  198
190  206
190  214
190  222
190  246
190  302
190  358
190  694
191  192
191  199
191  207
191  215
191  223
191  247
191  303
191  359
191  695
192  200
192  208
192  216
192  224
192  248
192  304
192  360
192  696
193  194
193  195
193  196
193  197
193  198
193  199
193  200
193  201
193  209
193  217
193  249
193  305
193  361
193  697
194  195
194  196
194  197
194  198
194  199
194  200
194  202
194  210
194  218
194  250
194  306
194  362
194  698
195  196
195  197
195  198
195  199
195  200
195  203
195  211
195  219
195  251
195  307
195  363
195  699
196  197
196  198
196  199
196  200
196  204
196  212
196  220
196  252
196  308
196  364
196  700
197  198
197  199
197  200
197  205
197  213
197  221
197  253
197  309
197  365
197  701
198  199
198  200
198  206
198  214
198  222
198  254
198  310
198  366
198  702
199  200
199  207
199  215
199  223
199  255
199  311
199  367
199  703
200  208
200  216
200  224
200  256
200  312
200  368
200  704
201  202
201  203
201  204
201  205
201  206
201  207
201  208
201  209
201  217
201  257
201  313
201  369
201  705
202  203
202  204
202  205
202  206
202  207
202  208
202  210
202  218
202  258
202  314
202  370
202  706
203  204
203  205
203  206
203  207
203  208
203  211
203  219
203  259
203  315
203  371
203  707
204  205
204  206
204  207
204  208
204  212
204  220
204  260
204  316
204  372
204  708
205  206
205  207
205  208
205  213
205  221
205  261
205  317
205  373
205  709
206  207
206  208
206  214
206  222
206  262
206  318
206  374
206  710
207  208
207  215
207  223
207  263
207  319
207  375
207  711
208  216
208  224
208  264
208  320
208  376
208  712
209  210
209  211
209  212
209  213
209  214
209  215
209  216
209  217
209  265
209  321
209  377
209  713
210  211
210  212
210  213
210  214
210  215
210  216
210  218
210  266
210  322
210  378
210  714
211  212
211  213
211  214
211  215
211  216
211  219
211  267
211  323
211  379
211  715
212  213
212  214
212  215
212  216
212  220
212  268
212  324
212  380
212  716
213  214
213  215
213  216
213  221
213  269
213  325
213  381
213  717
214  215
214  216
214  222
214  270
214  326
214  382
214  718
215  216
215  223
215  271
215  327
215  383
215  719
216  224
216  272
216  328
216  384
216  720
217  218
217  219
217  220
217  221
217  222
217  223
217  224
217  273
217  329
217  385
217  721
218  219
218  220
218  221
218  222
218  223
218  224
218  274
218  330
218  386
218  722
219  220
219  221
219  222
219  223
219  224
219  275
219  331
219  387
219  723
220  221
220  222
220  223
220  224
220  276
220  332
220  388
220  724
221  222
221  223
221  224
221  277
221  333
221  389
221  725
222  223
222  224
222  278
222  334
222  390
222  726
223  224
223  279
223  335
223  391
223  727
224  280
224  336
224  392
224  728
225  226
225  227
225  228
225  229
225  230
225  231
225  232
225  233
225  241
225  249
225  257
225  265
225  273
225  281
225  393
225  729
226  227
226  228
226  229
226  230
226  231
226  232
226  234
226  242
226  250
226  258
226  266
226  274
226  282
226  394
226  730
227  228
227  229
227  230
227  231
227  232
227  235
227  243
227  251
227  259
227  267
227  275
227  283
227  395
227  731
228  229
228  230
228  231
228  232
228  236
228  244
228  252
228  260
228  268
228  276
228  284
228  396
228  732
229  230
229  231
229  232
229  237
229  245
229  253
229  261
229  269
229  277
229  285
229  397
229  733
230  231
230  232
230  238
230  246
230  254
230  262
230  270
230  278
230  286
230  398
230  734
231  232
231  239
231  247
231  255
231  263
231  271
231  279
231  287
231  399
231  735
232  240
232  248
232  256
232  264
232  272
232  280
232  288
232  400
232  736
233  234
233  235
233  236
233  237
233  238
233  239
233  240
233  241
233  249
233  257
233  265
233  273
233  289
233  401
233  737
234  235
234  236
234  237
234  238
234  239
234  240
234  242
234  250
234  258
234  266
234  274
234  290
234  402
234  738
235  236
235  237
235  238
235  239
235  240
235  243
235  251
235  259
235  267
235  275
235  291
235  403
235  739
236  237
236  238
236  239
236  240
236  244
236  252
236  260
236  268
236  276
236  292
236  404
236  740
237  238
237  239
237  240
237  245
237  253
237  261
237  269
237  277
237  293
237  405
237  741
238  239
238  240
238  246
238  254
238  262
238  270
238  278
238  294
238  406
238  742
239  240
239  247
239  255
239  263
239  271
239  279
239  295
239  407
239  743
240  248
240  256
240  264
240  272
240  280
240  296
240  408
240  744
241  242
241  243
241  244
241  245
241  246
241  247
241  248
241  249
241  257
241  265
241  273
241  297
241  409
241  745
242  243
242  244
242  245
242  246
242  247
242  248
242  250
242  258
242  266
242  274
242  298
242  410
242  746
243  244
243  245
243  246
243  247
243  248
243  251
243  259
243  267
243  275
243  299
243  411
243  747
244  245
244  246
244  247
244  248
244  252
244  260
244  268
244  276
244  300
244  412
244  748
245  246
245  247
245  248
245  253
245  261
245  269
245  277
245  301
245  413
245  749
246  247
246  248
246  254
246  262
246  270
246  278
246  302
246  414
246  750
247  248
247  255
247  263
247  271
247  279
247  303
247  415
247  751
248  256
248  264
248  272
248  280
248  304
248  416
248  752
249  250
249  251
249  252
249  253
249  254
249  255
249  256
249  257
249  265
249  273
249  305
249  417
249  753
250  251
250  252
250  253
250  254
250  255
250  256
250  258
250  266
250  274
250  306
250  418
250  754
251  252
251  253
251  254
251  255
251  256
251  259
251  267
251  275
251  307
251  419
251  755
252  253
252  254
252  255
252  256
252  260
252  268
252  276
252  308
252  420
252  756
253  254
253  255
253  256
253  261
253  269
253  277
253  309
253  421
253  757
254  255
254  256
254  262
254  270
254  278
254  310
254  422
254  758
255  256
255  263
255  271
255  279
255  311
255  423
255  759
256  264
256  272
256  280
256  312
256  424
256  760
257  258
257  259
257  260
257  261
257  262
257  263
257  264
257  265
257  273
257  313
257  425
257  761
258  259
258  260
258  261
258  262
258  263
258  264
258  266
258  274
258  314
258  426
258  762
259  260
259  261
259  262
259  263
259  264
259  267
259  275
259  315
259  427
259  763
260  261
260  262
260  263
260  264
260  268
260  276
260  316
260  428
260  764
261  262
261  263
261  264
261  269
261  277
261  317
261  429
261  765
262  263
262  264
262  270
262  278
262  318
262  430
262  766
263  264
263  271
263  279
263  319
263  431
263  767
264  272
264  280
264  320
264  432
264  768
265  266
265  267
265  268
265  269
265  270
265  271
265  272
265  273
265  321
265  433
265  769
266  267
266  268
266  269
266  270
266  271
266  272
266  274
266  322
266  434
266  770
267  268
267  269
267  270
267  271
267  272
267  275
267  323
267  435
267  771
268  269
268  270
268  271
268  272
268  276
268  324
268  436
268  772
269  270
269  271
269  272
269  277
269  325
269  437
269  773
270  271
270  272
270  278
270  326
270  438
270  774
271  272
271  279
271  327
271  439
271  775
272  280
272  328
272  440
272  776
273  274
273  275
273  276
273  277
273  278
273  279
273  280
273  329
273  441
273  777
274  275
274  276
274  277
274  278
274  279
274  280
274  330
274  442
274  778
275  276
275  277
275  278
275  279
275  280
275  331
275  443
275  779
276  277
276  278
276  279
276  280
276  332
276  444
276  780
277  278
277  279
277  280
277  333
277  445
277  781
278  279
278  280
278  334
278  446
278  782
279  280
279  335
279  447
279  783
280  336
280  448
280  784
281  282
281  283
281  284
281  285
281  286
281  287
281  288
281  289
281  297
281  305
281  313
281  321
281  329
281  449
281  785
282  283
282  284
282  285
282  286
282  287
282  288
282  290
282  298
282  306
282  314
282  322
282  330
282  450
282  786
283  284
283  285
283  286
283  287
283  288
283  291
283  299
283  307
283  315
283  323
283  331
283  451
283  787
284  285
284  286
284  287
284  288
284  292
284  300
284  308
284  316
284  324
284  332
284  452
284  788
285  286
285  287
285  288
285  293
285  301
285  309
285  317
285  325
285  333
285  453
285  789
286  287
286  288
286  294
286  302
286  310
286  318
286  326
286  334
286  454
286  790
287  288
287  295
287  303
287  311
287  319
287  327
287  335
287  455
287  791
288  296
288  304
288  312
288  320
288  328
288  336
288  456
288  792
289  290
289  291
289  292
289  293
289  294
289  295
289  296
289  297
289  305
289  313
289  321
289  329
289  457
289  793
290  291
290  292
290  293
290  294
290  295
290  296
290  298
290  306
290  314
290  322
290  330
290  458
290  794
291  292
291  293
291  294
291  295
291  296
291  299
291  307
291  315
291  323
291  331
291  459
291  795
292  293
292  294
292  295
292  296
292  300
292  308
292  316
292  324
292  332
292  460
292  796
293  294
293  295
293  296
293  301
293  309
293  317
293  325
293  333
293  461
293  797
294  295
294  296
294  302
294  310
294  318
294  326
294  334
294  462
294  798
295  296
295  303
295  311
295  319
295  327
295  335
295  463
295  799
296  304
296  312
296  320
296  328
296  336
296  464
296  800
297  298
297  299
297  300
297  301
297  302
297  303
297  304
297  305
297  313
297  321
297  329
297  465
297  801
298  299
298  300
298  301
298  302
298  303
298  304
298  306
298  314
298  322
298  330
298  466
298  802
299  300
299  301
299  302
299  303
299  304
299  307
299  315
299  323
299  331
299  467
299  803
300  301
300  302
300  303
300  304
300  308
300  316
300  324
300  332
300  468
300  804
301  302
301  303
301  304
301  309
301  317
301  325
301  333
301  469
301  805
302  303
302  304
302  310
302  318
302  326
302  334
302  470
302  806
303  304
303  311
303  319
303  327
303  335
303  471
303  807
304  312
304  320
304  328
304  336
304  472
304  808
305  306
305  307
305  308
305  309
305  310
305  311
305  312
305  313
305  321
305  329
305  473
305  809
306  307
306  308
306  309
306  310
306  311
306  312
306  314
306  322
306  330
306  474
306  810
307  308
307  309
307  310
307  311
307  312
307  315
307  323
307  331
307  475
307  811
308  309
308  310
308  311
308  312
308  316
308  324
308  332
308  476
308  812
309  310
309  311
309  312
309  317
309  325
309  333
309  477
309  813
310  311
310  312
310  318
310  326
310  334
310  478
310  814
311  312
311  319
311  327
311  335
311  479
311  815
312  320
312  328
312  336
312  480
312  816
313  314
313  315
313  316
313  317
313  318
313  319
313  320
313  321
313  329
313  481
313  817
314  315
314  316
314  317
314  318
314  319
314  320
314  322
314  330
314  482
314  818
315  316
315  317
315  318
315  319
315  320
315  323
315  331
315  483
315  819
316  317
316  318
316  319
316  320
316  324
316  332
316  484
316  820
317  318
317  319
317  320
317  325
317  333
317  485
317  821
318  319
318  320
318  326
318  334
318  486
318  822
319  320
319  327
319  335
319  487
319  823
320  328
320  336
320  488
320  824
321  322
321  323
321  324
321  325
321  326
321  327
321  328
321  329
321  489
321  825
322  323
322  324
322  325
322  326
322  327
322  328
322  330
322  490
322  826
323  324
323  325
323  326
323  327
323  328
323  331
323  491
323  827
324  325
324  326
324  327
324  328
324  332
324  492
324  828
325  326
325  327
325  328
325  333
325  493
325  829
326  327
326  328
326  334
326  494
326  830
327  328
327  335
327  495
327  831
328  336
328  496
328  832
329  330
329  331
329  332
329  333
329  334
329  335
329  336
329  497
329  833
330  331
330  332
330  333
330  334
330  335
330  336
330  498
330  834
331  332
331  333
331  334
331  335
331  336
331  499
331  835
332  333
332  334
332  335
332  336
332  500
332  836
333  334
333  335
333  336
333  501
333  837
334  335
334  336
334  502
334  838
335  336
335  503
335  839
336  504
336  840
337  338
337  339
337  340
337  341
337  342
337  343
337  344
337  345
337  353
337  361
337  369
337  377
337  385
337  393
337  449
337  841
338  339
338  340
338  341
338  342
338  343
338  344
338  346
338  354
338  362
338  370
338  378
338  386
338  394
338  450
338  842
339  340
339  341
339  342
339  343
339  344
339  347
339  355
339  363
339  371
339  379
339  387
339  395
339  451
339  843
340  341
340  342
340  343
340  344
340  348
340  356
340  364
340  372
340  380
340  388
340  396
340  452
340  844
341  342
341  343
341  344
341  349
341  357
341  365
341  373
341  381
341  389
341  397
341  453
341  845
342  343
342  344
342  350
342  358
342  366
342  374
342  382
342  390
342  398
342  454
342  846
343  344
343  351
343  359
343  367
343  375
343  383
343  391
343  399
343  455
343  847
344  352
344  360
344  368
344  376
344  384
344  392
344  400
344  456
344  848
345  346
345  347
345  348
345  349
345  350
345  351
345  352
345  353
345  361
345  369
345  377
345  385
345  401
345  457
345  849
346  347
346  348
346  349
346  350
346  351
346  352
346  354
346  362
346  370
346  378
346  386
346  402
346  458
346  850
347  348
347  349
347  350
347  351
347  352
347  355
347  363
347  371
347  379
347  387
347  403
347  459
347  851
348  349
348  350
348  351
348  352
348  356
348  364
348  372
348  380
348  388
348  404
348  460
348  852
349  350
349  351
349  352
349  357
349  365
349  373
349  381
349  389
349  405
349  461
349  853
350  351
350  352
350  358
350  366
350  374
350  382
350  390
350  406
350  462
350  854
351  352
351  359
351  367
351  375
351  383
351  391
351  407
351  463
351  855
352  360
352  368
352  376
352  384
352  392
352  408
352  464
352  856
353  354
353  355
353  356
353  357
353  358
353  359
353  360
353  361
353  369
353  377
353  385
353  409
353  465
353  857
354  355
354  356
354  357
354  358
354  359
354  360
354  362
354  370
354  378
354  386
354  410
354  466
354  858
355  356
355  357
355  358
355  359
355  360
355  363
355  371
355  379
355  387
355  411
355  467
355  859
356  357
356  358
356  359
356  360
356  364
356  372
356  380
356  388
356  412
356  468
356  860
357  358
357  359
357  360
357  365
357  373
357  381
357  389
357  413
357  469
357  861
358  359
358  360
358  366
358  374
358  382
358  390
358  414
358  470
358  862
359  360
359  367
359  375
359  383
359  391
359  415
359  471
359  863
360  368
360  376
360  384
360  392
360  416
360  472
360  864
361  362
361  363
361  364
361  365
361  366
361  367
361  368
361  369
361  377
361  385
361  417
361  473
361  865
362  363
362  364
362  365
362  366
362  367
362  368
362  370
362  378
362  386
362  418
362  474
362  866
363  364
363  365
363  366
363  367
363  368
363  371
363  379
363  387
363  419
363  475
363  867
364  365
364  366
364  367
364  368
364  372
364  380
364  388
364  420
364  476
364  868
365  366
365  367
365  368
365  373
365  381
365  389
365  421
365  477
365  869
366  367
366  368
366  374
366  382
366  390
366  422
366  478
366  870
367  368
367  375
367  383
367  391
367  423
367  479
367  871
368  376
368  384
368  392
368  424
368  480
368  872
369  370
369  371
369  372
369  373
369  374
369  375
369  376
369  377
369  385
369  425
369  481
369  873
370  371
370  372
370  373
370  374
370  375
370  376
370  378
370  386
370  426
370  482
370  874
371  372
371  373
371  374
371  375
371  376
371  379
371  387
371  427
371  483
371  875
372  373
372  374
372  375
372  376
372  380
372  388
372  428
372  484
372  876
373  374
373  375
373  376
373  381
373  389
373  429
373  485
373  877
374  375
374  376
374  382
374  390
374  430
374  486
374  878
375  376
375  383
375  391
375  431
375  487
375  879
376  384
376  392
376  432
376  488
376  880
377  378
377  379
377  380
377  381
377  382
377  383
377  384
377  385
377  433
377  489
377  881
378  379
378  380
378  381
378  382
378  383
378  384
378  386
378  434
378  490
378  882
379  380
379  381
379  382
379  383
379  384
379  387
379  435
379  491
379  883
380  381
380  382
380  383
380  384
380  388
380  436
380  492
380  884
381  382
381  383
381  384
381  389
381  437
381  493
381  885
382  383
382  384
382  390
382  438
382  494
382  886
383  384
383  391
383  439
383  495
383  887
384  392
384  440
384  496
384  888
385  386
385  387
385  388
385  389
385  390
385  391
385  392
385  441
385  497
385  889
386  387
386  388
386  389
386  390
386  391
386  392
386  442
386  498
386  890
387  388
387  389
387  390
387  391
387  392
387  443
387  499
387  891
388  389
388  390
388  391
388  392
388  444
388  500
388  892
389  390
389  391
389  392
389  445
389  501
389  893
390  391
390  392
390  446
390  502
390  894
391  392
391  447
391  503
391  895
392  448
392  504
392  896
393  394
393  395
393  396
393  397
393  398
393  399
393  400
393  401
393  409
393  417
393  425
393  433
393  441
393  449
393  897
394  395
394  396
394  397
394  398
394  399
394  400
394  402
394  410
394  418
394  426
394  434
394  442
394  450
394  898
395  396
395  397
395  398
395  399
395  400
395  403
395  411
395  419
395  427
395  435
395  443
395  451
395  899
396  397
396  398
396  399
396  400
396  404
396  412
396  420
396  428
396  436
396  444
396  452
396  900
397  398
397  399
397  400
397  405
397  413
397  421
397  429
397  437
397  445
397  453
397  901
398  399
398  400
398  406
398  414
398  422
398  430
398  438
398  446
398  454
398  902
399  400
399  407
399  415
399  423
399  431
399  439
399  447
399  455
399  903
400  408
400  416
400  424
400  432
400  440
400  448
400  456
400  904
401  402
401  403
401  404
401  405
401  406
401  407
401  408
401  409
401  417
401  425
401  433
401  441
401  457
401  905
402  403
402  404
402  405
402  406
402  407
402  408
402  410
402  418
402  426
402  434
402  442
402  458
402  906
403  404
403  405
403  406
403  407
403  408
403  411
403  419
403  427
403  435
403  443
403  459
403  907
404  405
404  406
404  407
404  408
404  412
404  420
404  428
404  436
404  444
404  460
404  908
405  406
405  407
405  408
405  413
405  421
405  429
405  437
405  445
405  461
405  909
406  407
406  408
406  414
406  422
406  430
406  438
406  446
406  462
406  910
407  408
407  415
407  423
407  431
407  439
407  447
407  463
407  911
408  416
408  424
408  432
408  440
408  448
408  464
408  912
409  410
409  411
409  412
409  413
409  414
409  415
409  416
409  417
409  425
409  433
409  441
409  465
409  913
410  411
410  412
410  413
410  414
410  415
410  416
410  418
410  426
410  434
410  442
410  466
410  914
411  412
411  413
411  414
411  415
411  416
411  419
411  427
411  435
411  443
411  467
411  915
412  413
412  414
412  415
412  416
412  420
412  428
412  436
412  444
412  468
412  916
413  414
413  415
413  416
413  421
413  429
413  437
413  445
413  469
413  917
414  415
414  416
414  422
414  430
414  438
414  446
414  470
414  918
415  416
415  423
415  431
415  439
415  447
415  471
415  919
416  424
416  432
416  440
416  448
416  472
416  920
417  418
417  419
417  420
417  421
417  422
417  423
417  424
417  425
417  433
417  441
417  473
417  921
418  419
418  420
418  421
418  422
418  423
418  424
418  426
418  434
418  442
418  474
418  922
419  420
419  421
419  422
419  423
419  424
419  427
419  435
419  443
419  475
419  923
420  421
420  422
420  423
420  424
420  428
420  436
420  444
420  476
420  924
421  422
421  423
421  424
421  429
421  437
421  445
421  477
421  925
422  423
422  424
422  430
422  438
422  446
422  478
422  926
423  424
423  431
423  439
423  447
423  479
423  927
424  432
424  440
424  448
424  480
424  928
425  426
425  427
425  428
425  429
425  430
425  431
425  432
425  433
425  441
425  481
425  929
426  427
426  428
426  429
426  430
426  431
426  432
426  434
426  442
426  482
426  930
427  428
427  429
427  430
427  431
427  432
427  435
427  443
427  483
427  931
428  429
428  430
428  431
428  432
428  436
428  444
428  484
428  932
429  430
429  431
429  432
429  437
429  445
429  485
429  933
430  431
430  432
430  438
430  446
430  486
430  934
431  432
431  439
431  447
431  487
431  935
432  440
432  448
432  488
432  936
433  434
433  435
433  436
433  437
433  438
433  439
433  440
433  441
433  489
433  937
434  435
434  436
434  437
434  438
434  439
434  440
434  442
434  490
434  938
435  436
435  437
435  438
435  439
435  440
435  443
435  491
435  939
436  437
436  438
436  439
436  440
436  444
436  492
436  940
437  438
437  439
437  440
437  445
437  493
437  941
438  439
438  440
438  446
438  494
438  942
439  440
439  447
439  495
439  943
440  448
440  496
440  944
441  442
441  443
441  444
441  445
441  446
441  447
441  448
441  497
441  945
442  443
442  444
442  445
442  446
442  447
442  448
442  498
442  946
443  444
443  445
443  446
443  447
443  448
443  499
443  947
444  445
444  446
444  447
444  448
444  500
444  948
445  446
445  447
445  448
445  501
445  949
446  447
446  448
446  502
446  950
447  448
447  503
447  951
448  504
448  952
449  450
449  451
449  452
449  453
449  454
449  455
449  456
449  457
449  465
449  473
449  481
449  489
449  497
449  953
450  451
450  452
450  453
450  454
450  455
450  456
450  458
450  466
450  474
450  482
450  490
450  498
450  954
451  452
451  453
451  454
451  455
451  456
451  459
451  467
451  475
451  483
451  491
451  499
451  955
452  453
452  454
452  455
452  456
452  460
452  468
452  476
452  484
452  492
452  500
452  956
453  454
453  455
453  456
453  461
453  469
453  477
453  485
453  493
453  501
453  957
454  455
454  456
454  462
454  470
454  478
454  486
454  494
454  502
454  958
455  456
455  463
455  471
455  479
455  487
455  495
455  503
455  959
456  464
456  472
456  480
456  488
456  496
456  504
456  960
457  458
457  459
457  460
457  461
457  462
457  463
457  464
457  465
457  473
457  481
457  489
457  497
457  961
458  459
458  460
458  461
458  462
458  463
458  464
458  466
458  474
458  482
458  490
458  498
458  962
459  460
459  461
459  462
459  463
459  464
459  467
459  475
459  483
459  491
459  499
459  963
460  461
460  462
460  463
460  464
460  468
460  476
460  484
460  492
460  500
460  964
461  462
461  463
461  464
461  469
461  477
461  485
461  493
461  501
461  965
462  463
462  464
462  470
462  478
462  486
462  494
462  502
462  966
463  464
463  471
463  479
463  487
463  495
463  503
463  967
464  472
464  480
464  488
464  496
464  504
464  968
465  466
465  467
465  468
465  469
465  470
465  471
465  472
465  473
465  481
465  489
465  497
465  969
466  467
466  468
466  469
466  470
466  471
466  472
466  474
466  482
466  490
466  498
466  970
467  468
467  469
467  470
467  471
467  472
467  475
467  483
467  491
467  499
467  971
468  469
468  470
468  471
468  472
468  476
468  484
468  492
468  500
468  972
469  470
469  471
469  472
469  477
469  485
469  493
469  501
469  973
470  471
470  472
470  478
470  486
470  494
470  502
470  974
471  472
471  479
471  487
471  495
471  503
471  975
472  480
472  488
472  496
472  504
472  976
473  474
473  475
473  476
473  477
473  478
473  479
473  480
473  481
473  489
473  497
473  977
474  475
474  476
474  477
474  478
474  479
474  480
474  482
474  490
474  498
474  978
475  476
475  477
475  478
475  479
475  480
475  483
475  491
475  499
475  979
476  477
476  478
476  479
476  480
476  484
476  492
476  500
476  980
477  478
477  479
477  480
477  485
477  493
477  501
477  981
478  479
478  480
478  486
478  494
478  502
478  982
479  480
479  487
479  495
479  503
479  983
480  488
480  496
480  504
480  984
481  482
481  483
481  484
481  485
481  486
481  487
481  488
481  489
481  497
481  985
482  483
482  484
482  485
482  486
482  487
482  488
482  490
482  498
482  986
483  484
483  485
483  486
483  487
483  488
483  491
483  499
483  987
484  485
484  486
484  487
484  488
484  492
484  500
484  988
485  486
485  487
485  488
485  493
485  501
485  989
486  487
486  488
486  494
486  502
486  990
487  488
487  495
487  503
487  991
488  496
488  504
488  992
489  490
489  491
489  492
489  493
489  494
489  495
489  496
489  497
489  993
490  491
490  492
490  493
490  494
490  495
490  496
490  498
490  994
491  492
491  493
491  494
491  495
491  496
491  499
491  995
492  493
492  494
492  495
492  496
492  500
492  996
493  494
493  495
493  496
493  501
493  997
494  495
494  496
494  502
494  998
495  496
495  503
495  999
496  504
496  1000
497  498
497  499
497  500
497  501
497  502
497  503
497  504
497  1001
498  499
498  500
498  501
498  502
498  503
498  504
498  1002
499  500
499  501
499  502
499  503
499  504
499  1003
500  501
500  502
500  503
500  504
500  1004
501  502
501  503
501  504
501  1005
502  503
502  504
502  1006
503  504
503  1007
504  1008
505  506
505  507
505  508
505  509
505  510
505  511
505  512
505  513
505  521
505  529
505  537
505  545
505  553
505  561
505  617
505  673
505  841
506  507
506  508
506  509
506  510
506  511
506  512
506  514
506  522
506  530
506  538
506  546
506  554
506  562
506  618
506  674
506  842
507  508
507  509
507  510
507  511
507  512
507  515
507  523
507  531
507  539
507  547
507  555
507  563
507  619
507  675
507  843
508  509
508  510
508  511
508  512
508  516
508  524
508  532
508  540
508  548
508  556
508  564
508  620
508  676
508  844
509  510
509  511
509  512
509  517
509  525
509  533
509  541
509  549
509  557
509  565
509  621
509  677
509  845
510  511
510  512
510  518
510  526
510  534
510  542
510  550
510  558
510  566
510  622
510  678
510  846
511  512
511  519
511  527
511  535
511  543
511  551
511  559
511  567
511  623
511  679
511  847
512  520
512  528
512  536
512  544
512  552
512  560
512  568
512  624
512  680
512  848
513  514
513  515
513  516
513  517
513  518
513  519
513  520
513  521
513  529
513  537
513  545
513  553
513  569
513  625
513  681
513  849
514  515
514  516
514  517
514  518
514  519
514  520
514  522
514  530
514  538
514  546
514  554
514  570
514  626
514  682
514  850
515  516
515  517
515  518
515  519
515  520
515  523
515  531
515  539
515  547
515  555
515  571
515  627
515  683
515  851
516  517
516  518
516  519
516  520
516  524
516  532
516  540
516  548
516  556
516  572
516  628
516  684
516  852
517  518
517  519
517  520
517  525
517  533
517  541
517  549
517  557
517  573
517  629
517  685
517  853
518  519
518  520
518  526
518  534
518  542
518  550
518  558
518  574
518  630
518  686
518  854
519  520
519  527
519  535
519  543
519  551
519  559
519  575
519  631
519  687
519  855
520  528
520  536
520  544
520  552
520  560
520  576
520  632
520  688
520  856
521  522
521  523
521  524
521  525
521  526
521  527
521  528
521  529
521  537
521  545
521  553
521  577
521  633
521  689
521  857
522  523
522  524
522  525
522  526
522  527
522  528
522  530
522  538
522  546
522  554
522  578
522  634
522  690
522  858
523  524
523  525
523  526
523  527
523  528
523  531
523  539
523  547
523  555
523  579
523  635
523  691
523  859
524  525
524  526
524  527
524  528
524  532
524  540
524  548
524  556
524  580
524  636
524  692
524  860
525  526
525  527
525  528
525  533
525  541
525  549
525  557
525  581
525  637
525  693
525  861
526  527
526  528
526  534
526  542
526  550
526  558
526  582
526  638
526  694
526  862
527  528
527  535
527  543
527  551
527  559
527  583
527  639
527  695
527  863
528  536
528  544
528  552
528  560
528  584
528  640
528  696
528  864
529  530
529  531
529  532
529  533
529  534
529  535
529  536
529  537
529  545
529  553
529  585
529  641
529  697
529  865
530  531
530  532
530  533
530  534
530  535
530  536
530  538
530  546
530  554
530  586
530  642
530  698
530  866
531  532
531  533
531  534
531  535
531  536
531  539
531  547
531  555
531  587
531  643
531  699
531  867
532  533
532  534
532  535
532  536
532  540
532  548
532  556
532  588
532  644
532  700
532  868
533  534
533  535
533  536
533  541
533  549
533  557
533  589
533  645
533  701
533  869
534  535
534  536
534  542
534  550
534  558
534  590
534  646
534  702
534  870
535  536
535  543
535  551
535  559
535  591
535  647
535  703
535  871
536  544
536  552
536  560
536  592
536  648
536  704
536  872
537  538
537  539
537  540
537  541
537  542
537  543
537  544
537  545
537  553
537  593
537  649
537  705
537  873
538  539
538  540
538  541
538  542
538  543
538  544
538  546
538  554
538  594
538  650
538  706
538  874
539  540
539  541
539  542
539  543
539  544
539  547
539  555
539  595
539  651
539  707
539  875
540  541
540  542
540  543
540  544
540  548
540  556
540  596
540  652
540  708
540  876
541  542
541  543
541  544
541  549
541  557
541  597
541  653
541  709
541  877
542  543
542  544
542  550
542  558
542  598
542  654
542  710
542  878
543  544
543  551
543  559
543  599
543  655
543  711
543  879
544  552
544  560
544  600
544  656
544  712
544  880
545  546
545  547
545  548
545  549
545  550
545  551
545  552
545  553
545  601
545  657
545  713
545  881
546  547
546  548
546  549
546  550
546  551
546  552
546  554
546  602
546  658
546  714
546  882
547  548
547  549
547  550
547  551
547  552
547  555
547  603
547  659
547  715
547  883
548  549
548  550
548  551
548  552
548  556
548  604
548  660
548  716
548  884
549  550
549  551
549  552
549  557
549  605
549  661
549  717
549  885
550  551
550  552
550  558
550  606
550  662
550  718
550  886
551  552
551  559
551  607
551  663
551  719
551  887
552  560
552  608
552  664
552  720
552  888
553  554
553  555
553  556
553  557
553  558
553  559
553  560
553  609
553  665
553  721
553  889
554  555
554  556
554  557
554  558
554  559
554  560
554  610
554  666
554  722
554  890
555  556
555  557
555  558
555  559
555  560
555  611
555  667
555  723
555  891
556  557
556  558
556  559
556  560
556  612
556  668
556  724
556  892
557  558
557  559
557  560
557  613
557  669
557  725
557  893
558  559
558  560
558  614
558  670
558  726
558  894
559  560
559  615
559  671
559  727
559  895
560  616
560  672
560  728
560  896
561  562
561  563
561  564
561  565
561  566
561  567
561  568
561  569
561  577
561  585
561  593
561  601
561  609
561  617
561  729
561  897
562  563
562  564
562  565
562  566
562  567
562  568
562  570
562  578
562  586
562  594
562  602
562  610
562  618
562  730
562  898
563  564
563  565
563  566
563  567
563  568
563  571
563  579
563  587
563  595
563  603
563  611
563  619
563  731
563  899
564  565
564  566
564  567
564  568
564  572
564  580
564  588
564  596
564  604
564  612
564  620
564  732
564  900
565  566
565  567
565  568
565  573
565  581
565  589
565  597
565  605
565  613
565  621
565  733
565  901
566  567
566  568
566  574
566  582
566  590
566  598
566  606
566  614
566  622
566  734
566  902
567  568
567  575
567  583
567  591
567  599
567  607
567  615
567  623
567  735
567  903
568  576
568  584
568  592
568  600
568  608
568  616
568  624
568  736
568  904
569  570
569  571
569  572
569  573
569  574
569  575
569  576
569  577
569  585
569  593
569  601
569  609
569  625
569  737
569  905
570  571
570  572
570  573
570  574
570  575
570  576
570  578
570  586
570  594
570  602
570  610
570  626
570  738
570  906
571  572
571  573
571  574
571  575
571  576
571  579
571  587
571  595
571  603
571  611
571  627
571  739
571  907
572  573
572  574
572  575
572  576
572  580
572  588
572  596
572  604
572  612
572  628
572  740
572  908
573  574
573  575
573  576
573  581
573  589
573  597
573  605
573  613
573  629
573  741
573  909
574  575
574  576
574  582
574  590
574  598
574  606
574  614
574  630
574  742
574  910
575  576
575  583
575  591
575  599
575  607
575  615
575  631
575  743
575  911
576  584
576  592
576  600
576  608
576  616
576  632
576  744
576  912
577  578
577  579
577  580
577  581
577  582
577  583
577  584
577  585
577  593
577  601
577  609
577  633
577  745
577  913
578  579
578  580
578  581
578  582
578  583
578  584
578  586
578  594
578  602
578  610
578  634
578  746
578  914
579  580
579  581
579  582
579  583
579  584
579  587
579  595
579  603
579  611
579  635
579  747
579  915
580  581
580  582
580  583
580  584
580  588
580  596
580  604
580  612
580  636
580  748
580  916
581  582
581  583
581  584
581  589
581  597
581  605
581  613
581  637
581  749
581  917
582  583
582  584
582  590
582  598
582  606
582  614
582  638
582  750
582  918
583  584
583  591
583  599
583  607
583  615
583  639
583  751
583  919
584  592
584  600
584  608
584  616
584  640
584  752
584  920
585  586
585  587
585  588
585  589
585  590
585  591
585  592
585  593
585  601
585  609
585  641
585  753
585  921
586  587
586  588
586  589
586  590
586  591
586  592
586  594
586  602
586  610
586  642
586  754
586  922
587  588
587  589
587  590
587  591
587  592
587  595
587  603
587  611
587  643
587  755
587  923
588  589
588  590
588  591
588  592
588  596
588  604
588  612
588  644
588  756
588  924
589  590
589  591
589  592
589  597
589  605
589  613
589  645
589  757
589  925
590  591
590  592
590  598
590  606
590  614
590  646
590  758
590  926
591  592
591  599
591  607
591  615
591  647
591  759
591  927
592  600
592  608
592  616
592  648
592  760
592  928
593  594
593  595
593  596
593  597
593  598
593  599
593  600
593  601
593  609
593  649
593  761
593  929
594  595
594  596
594  597
594  598
594  599
594  600
594  602
594  610
594  650
594  762
594  930
595  596
595  597
595  598
595  599
595  600
595  603
595  611
595  651
595  763
595  931
596  597
596  598
596  599
596  600
596  604
596  612
596  652
596  764
596  932
597  598
597  599
597  600
597  605
597  613
597  653
597  765
597  933
598  599
598  600
598  606
598  614
598  654
598  766
598  934
599  600
599  607
599  615
599  655
599  767
599  935
600  608
600  616
600  656
600  768
600  936
601  602
601  603
601  604
601  605
601  606
601  607
601  608
601  609
601  657
601  769
601  937
602  603
602  604
602  605
602  606
602  607
602  608
602  610
602  658
602  770
602  938
603  604
603  605
603  606
603  607
603  608
603  611
603  659
603  771
603  939
604  605
604  606
604  607
604  608
604  612
604  660
604  772
604  940
605  606
605  607
605  608
605  613
605  661
605  773
605  941
606  607
606  608
606  614
606  662
606  774
606  942
607  608
607  615
607  663
607  775
607  943
608  616
608  664
608  776
608  944
609  610
609  611
609  612
609  613
609  614
609  615
609  616
609  665
609  777
609  945
610  611
610  612
610  613
610  614
610  615
610  616
610  666
610  778
610  946
611  612
611  613
611  614
611  615
611  616
611  667
611  779
611  947
612  613
612  614
612  615
612  616
612  668
612  780
612  948
613  614
613  615
613  616
613  669
613  781
613  949
614  615
614  616
614  670
614  782
614  950
615  616
615  671
615  783
615  951
616  672
616  784
616  952
617  618
617  619
617  620
617  621
617  622
617  623
617  624
617  625
617  633
617  641
617  649
617  657
617  665
617  785
617  953
618  619
618  620
618  621
618  622
618  623
618  624
618  626
618  634
618  642
618  650
618  658
618  666
618  786
618  954
619  620
619  621
619  622
619  623
619  624
619  627
619  635
619  643
619  651
619  659
619  667
619  787
619  955
620  621
620  622
620  623
620  624
620  628
620  636
620  644
620  652
620  660
620  668
620  788
620  956
621  622
621  623
621  624
621  629
621  637
621  645
621  653
621  661
621  669
621  789
621  957
622  623
622  624
622  630
622  638
622  646
622  654
622  662
622  670
622  790
622  958
623  624
623  631
623  639
623  647
623  655
623  663
623  671
623  791
623  959
624  632
624  640
624  648
624  656
624  664
624  672
624  792
624  960
625  626
625  627
625  628
625  629
625  630
625  631
625  632
625  633
625  641
625  649
625  657
625  665
625  793
625  961
626  627
626  628
626  629
626  630
626  631
626  632
626  634
626  642
626  650
626  658
626  666
626  794
626  962
627  628
627  629
627  630
627  631
627  632
627  635
627  643
627  651
627  659
627  667
627  795
627  963
628  629
628  630
628  631
628  632
628  636
628  644
628  652
628  660
628  668
628  796
628  964
629  630
629  631
629  632
629  637
629  645
629  653
629  661
629  669
629  797
629  965
630  631
630  632
630  638
630  646
630  654
630  662
630  670
630  798
630  966
631  632
631  639
631  647
631  655
631  663
631  671
631  799
631  967
632  640
632  648
632  656
632  664
632  672
632  800
632  968
633  634
633  635
633  636
633  637
633  638
633  639
633  640
633  641
633  649
633  657
633  665
633  801
633  969
634  635
634  636
634  637
634  638
634  639
634  640
634  642
634  650
634  658
634  666
634  802
634  970
635  636
635  637
635  638
635  639
635  640
635  643
635  651
635  659
635  667
635  803
635  971
636  637
636  638
636  639
636  640
636  644
636  652
636  660
636  668
636  804
636  972
637  638
637  639
637  640
637  645
637  653
637  661
637  669
637  805
637  973
638  639
638  640
638  646
638  654
638  662
638  670
638  806
638  974
639  640
639  647
639  655
639  663
639  671
639  807
639  975
640  648
640  656
640  664
640  672
640  808
640  976
641  642
641  643
641  644
641  645
641  646
641  647
641  648
641  649
641  657
641  665
641  809
641  977
642  643
642  644
642  645
642  646
642  647
642  648
642  650
642  658
642  666
642  810
642  978
643  644
643  645
643  646
643  647
643  648
643  651
643  659
643  667
643  811
643  979
644  645
644  646
644  647
644  648
644  652
644  660
644  668
644  812
644  980
645  646
645  647
645  648
645  653
645  661
645  669
645  813
645  981
646  647
646  648
646  654
646  662
646  670
646  814
646  982
647  648
647  655
647  663
647  671
647  815
647  983
648  656
648  664
648  672
648  816
648  984
649  650
649  651
649  652
649  653
649  654
649  655
649  656
649  657
649  665
649  817
649  985
650  651
650  652
650  653
650  654
650  655
650  656
650  658
650  666
650  818
650  986
651  652
651  653
651  654
651  655
651  656
651  659
651  667
651  819
651  987
652  653
652  654
652  655
652  656
652  660
652  668
652  820
652  988
653  654
653  655
653  656
653  661
653  669
653  821
653  989
654  655
654  656
654  662
654  670
654  822
654  990
655  656
655  663
655  671
655  823
655  991
656  664
656  672
656  824
656  992
657  658
657  659
657  660
657  661
657  662
657  663
657  664
657  665
657  825
657  993
658  659
658  660
658  661
658  662
658  663
658  664
658  666
658  826
658  994
659  660
659  661
659  662
659  663
659  664
659  667
659  827
659  995
660  661
660  662
660  663
660  664
660  668
660  828
660  996
661  662
661  663
661  664
661  669
661  829
661  997
662  663
662  664
662  670
662  830
662  998
663  664
663  671
663  831
663  999
664  672
664  832
664  1000
665  666
665  667
665  668
665  669
665  670
665  671
665  672
665  833
665  1001
666  667
666  668
666  669
666  670
666  671
666  672
666  834
666  1002
667  668
667  669
667  670
667  671
667  672
667  835
667  1003
668  669
668  670
668  671
668  672
668  836
668  1004
669  670
669  671
669  672
669  837
669  1005
670  671
670  672
670  838
670  1006
671  672
671  839
671  1007
672  840
672  1008
673  674
673  675
673  676
673  677
673  678
673  679
673  680
673  681
673  689
673  697
673  705
673  713
673  721
673  729
673  785
673  841
674  675
674  676
674  677
674  678
674  679
674  680
674  682
674  690
674  698
674  706
674  714
674  722
674  730
674  786
674  842
675  676
675  677
675  678
675  679
675  680
675  683
675  691
675  699
675  707
675  715
675  723
675  731
675  787
675  843
676  677
676  678
676  679
676  680
676  684
676  692
676  700
676  708
676  716
676  724
676  732
676  788
676  844
677  678
677  679
677  680
677  685
677  693
677  701
677  709
677  717
677  725
677  733
677  789
677  845
678  679
678  680
678  686
678  694
678  702
678  710
678  718
678  726
678  734
678  790
678  846
679  680
679  687
679  695
679  703
679  711
679  719
679  727
679  735
679  791
679  847
680  688
680  696
680  704
680  712
680  720
680  728
680  736
680  792
680  848
681  682
681  683
681  684
681  685
681  686
681  687
681  688
681  689
681  697
681  705
681  713
681  721
681  737
681  793
681  849
682  683
682  684
682  685
682  686
682  687
682  688
682  690
682  698
682  706
682  714
682  722
682  738
682  794
682  850
683  684
683  685
683  686
683  687
683  688
683  691
683  699
683  707
683  715
683  723
683  739
683  795
683  851
684  685
684  686
684  687
684  688
684  692
684  700
684  708
684  716
684  724
684  740
684  796
684  852
685  686
685  687
685  688
685  693
685  701
685  709
685  717
685  725
685  741
685  797
685  853
686  687
686  688
686  694
686  702
686  710
686  718
686  726
686  742
686  798
686  854
687  688
687  695
687  703
687  711
687  719
687  727
687  743
687  799
687  855
688  696
688  704
688  712
688  720
688  728
688  744
688  800
688  856
689  690
689  691
689  692
689  693
689  694
689  695
689  696
689  697
689  705
689  713
689  721
689  745
689  801
689  857
690  691
690  692
690  693
690  694
690  695
690  696
690  698
690  706
690  714
690  722
690  746
690  802
690  858
691  692
691  693
691  694
691  695
691  696
691  699
691  707
691  715
691  723
691  747
691  803
691  859
692  693
692  694
692  695
692  696
692  700
692  708
692  716
692  724
692  748
692  804
692  860
693  694
693  695
693  696
693  701
693  709
693  717
693  725
693  749
693  805
693  861
694  695
694  696
694  702
694  710
694  718
694  726
694  750
694  806
694  862
695  696
695  703
695  711
695  719
695  727
695  751
695  807
695  863
696  704
696  712
696  720
696  728
696  752
696  808
696  864
697  698
697  699
697  700
697  701
697  702
697  703
697  704
697  705
697  713
697  721
697  753
697  809
697  865
698  699
698  700
698  701
698  702
698  703
698  704
698  706
698  714
698  722
698  754
698  810
698  866
699  700
699  701
699  702
699  703
699  704
699  707
699  715
699  723
699  755
699  811
699  867
700  701
700  702
700  703
700  704
700  708
700  716
700  724
700  756
700  812
700  868
701  702
701  703
701  704
701  709
701  717
701  725
701  757
701  813
701  869
702  703
702  704
702  710
702  718
702  726
702  758
702  814
702  870
703  704
703  711
703  719
703  727
703  759
703  815
703  871
704  712
704  720
704  728
704  760
704  816
704  872
705  706
705  707
705  708
705  709
705  710
705  711
705  712
705  713
705  721
705  761
705  817
705  873
706  707
706  708
706  709
706  710
706  711
706  712
706  714
706  722
706  762
706  818
706  874
707  708
707  709
707  710
707  711
707  712
707  715
707  723
707  763
707  819
707  875
708  709
708  710
708  711
708  712
708  716
708  724
708  764
708  820
708  876
709  710
709  711
709  712
709  717
709  725
709  765
709  821
709  877
710  711
710  712
710  718
710  726
710  766
710  822
710  878
711  712
711  719
711  727
711  767
711  823
711  879
712  720
712  728
712  768
712  824
712  880
713  714
713  715
713  716
713  717
713  718
713  719
713  720
713  721
713  769
713  825
713  881
714  715
714  716
714  717
714  718
714  719
714  720
714  722
714  770
714  826
714  882
715  716
715  717
715  718
715  719
715  720
715  723
715  771
715  827
715  883
716  717
716  718
716  719
716  720
716  724
716  772
716  828
716  884
717  718
717  719
717  720
717  725
717  773
717  829
717  885
718  719
718  720
718  726
718  774
718  830
718  886
719  720
719  727
719  775
719  831
719  887
720  728
720  776
720  832
720  888
721  722
721  723
721  724
721  725
721  726
721  727
721  728
721  777
721  833
721  889
722  723
722  724
722  725
722  726
722  727
722  728
722  778
722  834
722  890
723  724
723  725
723  726
723  727
723  728
723  779
723  835
723  891
724  725
724  726
724  727
724  728
724  780
724  836
724  892
725  726
725  727
725  728
725  781
725  837
725  893
726  727
726  728
726  782
726  838
726  894
727  728
727  783
727  839
727  895
728  784
728  840
728  896
729  730
729  731
729  732
729  733
729  734
729  735
729  736
729  737
729  745
729  753
729  761
729  769
729  777
729  785
729  897
730  731
730  732
730  733
730  734
730  735
730  736
730  738
730  746
730  754
730  762
730  770
730  778
730  786
730  898
731  732
731  733
731  734
731  735
731  736
731  739
731  747
731  755
731  763
731  771
731  779
731  787
731  899
732  733
732  734
732  735
732  736
732  740
732  748
732  756
732  764
732  772
732  780
732  788
732  900
733  734
733  735
733  736
733  741
733  749
733  757
733  765
733  773
733  781
733  789
733  901
734  735
734  736
734  742
734  750
734  758
734  766
734  774
734  782
734  790
734  902
735  736
735  743
735  751
735  759
735  767
735  775
735  783
735  791
735  903
736  744
736  752
736  760
736  768
736  776
736  784
736  792
736  904
737  738
737  739
737  740
737  741
737  742
737  743
737  744
737  745
737  753
737  761
737  769
737  777
737  793
737  905
738  739
738  740
738  741
738  742
738  743
738  744
738  746
738  754
738  762
738  770
738  778
738  794
738  906
739  740
739  741
739  742
739  743
739  744
739  747
739  755
739  763
739  771
739  779
739  795
739  907
740  741
740  742
740  743
740  744
740  748
740  756
740  764
740  772
740  780
740  796
740  908
741  742
741  743
741  744
741  749
741  757
741  765
741  773
741  781
741  797
741  909
742  743
742  744
742  750
742  758
742  766
742  774
742  782
742  798
742  910
743  744
743  751
743  759
743  767
743  775
743  783
743  799
743  911
744  752
744  760
744  768
744  776
744  784
744  800
744  912
745  746
745  747
745  748
745  749
745  750
745  751
745  752
745  753
745  761
745  769
745  777
745  801
745  913
746  747
746  748
746  749
746  750
746  751
746  752
746  754
746  762
746  770
746  778
746  802
746  914
747  748
747  749
747  750
747  751
747  752
747  755
747  763
747  771
747  779
747  803
747  915
748  749
748  750
748  751
748  752
748  756
748  764
748  772
748  780
748  804
748  916
749  750
749  751
749  752
749  757
749  765
749  773
749  781
749  805
749  917
750  751
750  752
750  758
750  766
750  774
750  782
750  806
750  918
751  752
751  759
751  767
751  775
751  783
751  807
751  919
752  760
752  768
752  776
752  784
752  808
752  920
753  754
753  755
753  756
753  757
753  758
753  759
753  760
753  761
753  769
753  777
753  809
753  921
754  755
754  756
754  757
754  758
754  759
754  760
754  762
754  770
754  778
754  810
754  922
755  756
755  757
755  758
755  759
755  760
755  763
755  771
755  779
755  811
755  923
756  757
756  758
756  759
756  760
756  764
756  772
756  780
756  812
756  924
757  758
757  759
757  760
757  765
757  773
757  781
757  813
757  925
758  759
758  760
758  766
758  774
758  782
758  814
758  926
759  760
759  767
759  775
759  783
759  815
759  927
760  768
760  776
760  784
760  816
760  928
761  762
761  763
761  764
761  765
761  766
761  767
761  768
761  769
761  777
761  817
761  929
762  763
762  764
762  765
762  766
762  767
762  768
762  770
762  778
762  818
762  930
763  764
763  765
763  766
763  767
763  768
763  771
763  779
763  819
763  931
764  765
764  766
764  767
764  768
764  772
764  780
764  820
764  932
765  766
765  767
765  768
765  773
765  781
765  821
765  933
766  767
766  768
766  774
766  782
766  822
766  934
767  768
767  775
767  783
767  823
767  935
768  776
768  784
768  824
768  936
769  770
769  771
769  772
769  773
769  774
769  775
769  776
769  777
769  825
769  937
770  771
770  772
770  773
770  774
770  775
770  776
770  778
770  826
770  938
771  772
771  773
771  774
771  775
771  776
771  779
771  827
771  939
772  773
772  774
772  775
772  776
772  780
772  828
772  940
773  774
773  775
773  776
773  781
773  829
773  941
774  775
774  776
774  782
774  830
774  942
775  776
775  783
775  831
775  943
776  784
776  832
776  944
777  778
777  779
777  780
777  781
777  782
777  783
777  784
777  833
777  945
778  779
778  780
778  781
778  782
778  783
778  784
778  834
778  946
779  780
779  781
779  782
779  783
779  784
779  835
779  947
780  781
780  782
780  783
780  784
780  836
780  948
781  782
781  783
781  784
781  837
781  949
782  783
782  784
782  838
782  950
783  784
783  839
783  951
784  840
784  952
785  786
785  787
785  788
785  789
785  790
785  791
785  792
785  793
785  801
785  809
785  817
785  825
785  833
785  953
786  787
786  788
786  789
786  790
786  791
786  792
786  794
786  802
786  810
786  818
786  826
786  834
786  954
787  788
787  789
787  790
787  791
787  792
787  795
787  803
787  811
787  819
787  827
787  835
787  955
788  789
788  790
788  791
788  792
788  796
788  804
788  812
788  820
788  828
788  836
788  956
789  790
789  791
789  792
789  797
789  805
789  813
789  821
789  829
789  837
789  957
790  791
790  792
790  798
790  806
790  814
790  822
790  830
790  838
790  958
791  792
791  799
791  807
791  815
791  823
791  831
791  839
791  959
792  800
792  808
792  816
792  824
792  832
792  840
792  960
793  794
793  795
793  796
793  797
793  798
793  799
793  800
793  801
793  809
793  817
793  825
793  833
793  961
794  795
794  796
794  797
794  798
794  799
794  800
794  802
794  810
794  818
794  826
794  834
794  962
795  796
795  797
795  798
795  799
795  800
795  803
795  811
795  819
795  827
795  835
795  963
796  797
796  798
796  799
796  800
796  804
796  812
796  820
796  828
796  836
796  964
797  798
797  799
797  800
797  805
797  813
797  821
797  829
797  837
797  965
798  799
798  800
798  806
798  814
798  822
798  830
798  838
798  966
799  800
799  807
799  815
799  823
799  831
799  839
799  967
800  808
800  816
800  824
800  832
800  840
800  968
801  802
801  803
801  804
801  805
801  806
801  807
801  808
801  809
801  817
801  825
801  833
801  969
802  803
802  804
802  805
802  806
802  807
802  808
802  810
802  818
802  826
802  834
802  970
803  804
803  805
803  806
803  807
803  808
803  811
803  819
803  827
803  835
803  971
804  805
804  806
804  807
804  808
804  812
804  820
804  828
804  836
804  972
805  806
805  807
805  808
805  813
805  821
805  829
805  837
805  973
806  807
806  808
806  814
806  822
806  830
806  838
806  974
807  808
807  815
807  823
807  831
807  839
807  975
808  816
808  824
808  832
808  840
808  976
809  810
809  811
809  812
809  813
809  814
809  815
809  816
809  817
809  825
809  833
809  977
810  811
810  812
810  813
810  814
810  815
810  816
810  818
810  826
810  834
810  978
811  812
811  813
811  814
811  815
811  816
811  819
811  827
811  835
811  979
812  813
812  814
812  815
812  816
812  820
812  828
812  836
812  980
813  814
813  815
813  816
813  821
813  829
813  837
813  981
814  815
814  816
814  822
814  830
814  838
814  982
815  816
815  823
815  831
815  839
815  983
816  824
816  832
816  840
816  984
817  818
817  819
817  820
817  821
817  822
817  823
817  824
817  825
817  833
817  985
818  819
818  820
818  821
818  822
818  823
818  824
818  826
818  834
818  986
819  820
819  821
819  822
819  823
819  824
819  827
819  835
819  987
820  821
820  822
820  823
820  824
820  828
820  836
820  988
821  822
821  823
821  824
821  829
821  837
821  989
822  823
822  824
822  830
822  838
822  990
823  824
823  831
823  839
823  991
824  832
824  840
824  992
825  826
825  827
825  828
825  829
825  830
825  831
825  832
825  833
825  993
826  827
826  828
826  829
826  830
826  831
826  832
826  834
826  994
827  828
827  829
827  830
827  831
827  832
827  835
827  995
828  829
828  830
828  831
828  832
828  836
828  996
829  830
829  831
829  832
829  837
829  997
830  831
830  832
830  838
830  998
831  832
831  839
831  999
832  840
832  1000
833  834
833  835
833  836
833  837
833  838
833  839
833  840
833  1001
834  835
834  836
834  837
834  838
834  839
834  840
834  1002
835  836
835  837
835  838
835  839
835  840
835  1003
836  837
836  838
836  839
836  840
836  1004
837  838
837  839
837  840
837  1005
838  839
838  840
838  1006
839  840
839  1007
840  1008
841  842
841  843
841  844
841  845
841  846
841  847
841  848
841  849
841  857
841  865
841  873
841  881
841  889
841  897
841  953
842  843
842  844
842  845
842  846
842  847
842  848
842  850
842  858
842  866
842  874
842  882
842  890
842  898
842  954
843  844
843  845
843  846
843  847
843  848
843  851
843  859
843  867
843  875
843  883
843  891
843  899
843  955
844  845
844  846
844  847
844  848
844  852
844  860
844  868
844  876
844  884
844  892
844  900
844  956
845  846
845  847
845  848
845  853
845  861
845  869
845  877
845  885
845  893
845  901
845  957
846  847
846  848
846  854
846  862
846  870
846  878
846  886
846  894
846  902
846  958
847  848
847  855
847  863
847  871
847  879
847  887
847  895
847  903
847  959
848  856
848  864
848  872
848  880
848  888
848  896
848  904
848  960
849  850
849  851
849  852
849  853
849  854
849  855
849  856
849  857
849  865
849  873
849  881
849  889
849  905
849  961
850  851
850  852
850  853
850  854
850  855
850  856
850  858
850  866
850  874
850  882
850  890
850  906
850  962
851  852
851  853
851  854
851  855
851  856
851  859
851  867
851  875
851  883
851  891
851  907
851  963
852  853
852  854
852  855
852  856
852  860
852  868
852  876
852  884
852  892
852  908
852  964
853  854
853  855
853  856
853  861
853  869
853  877
853  885
853  893
853  909
853  965
854  855
854  856
854  862
854  870
854  878
854  886
854  894
854  910
854  966
855  856
855  863
855  871
855  879
855  887
855  895
855  911
855  967
856  864
856  872
856  880
856  888
856  896
856  912
856  968
857  858
857  859
857  860
857  861
857  862
857  863
857  864
857  865
857  873
857  881
857  889
857  913
857  969
858  859
858  860
858  861
858  862
858  863
858  864
858  866
858  874
858  882
858  890
858  914
858  970
859  860
859  861
859  862
859  863
859  864
859  867
859  875
859  883
859  891
859  915
859  971
860  861
860  862
860  863
860  864
860  868
860  876
860  884
860  892
860  916
860  972
861  862
861  863
861  864
861  869
861  877
861  885
861  893
861  917
861  973
862  863
862  864
862  870
862  878
862  886
862  894
862  918
862  974
863  864
863  871
863  879
863  887
863  895
863  919
863  975
864  872
864  880
864  888
864  896
864  920
864  976
865  866
865  867
865  868
865  869
865  870
865  871
865  872
865  873
865  881
865  889
865  921
865  977
866  867
866  868
866  869
866  870
866  871
866  872
866  874
866  882
866  890
866  922
866  978
867  868
867  869
867  870
867  871
867  872
867  875
867  883
867  891
867  923
867  979
868  869
868  870
868  871
868  872
868  876
868  884
868  892
868  924
868  980
869  870
869  871
869  872
869  877
869  885
869  893
869  925
869  981
870  871
870  872
870  878
870  886
870  894
870  926
870  982
871  872
871  879
871  887
871  895
871  927
871  983
872  880
872  888
872  896
872  928
872  984
873  874
873  875
873  876
873  877
873  878
873  879
873  880
873  881
873  889
873  929
873  985
874  875
874  876
874  877
874  878
874  879
874  880
874  882
874  890
874  930
874  986
875  876
875  877
875  878
875  879
875  880
875  883
875  891
875  931
875  987
876  877
876  878
876  879
876  880
876  884
876  892
876  932
876  988
877  878
877  879
877  880
877  885
877  893
877  933
877  989
878  879
878  880
878  886
878  894
878  934
878  990
879  880
879  887
879  895
879  935
879  991
880  888
880  896
880  936
880  992
881  882
881  883
881  884
881  885
881  886
881  887
881  888
881  889
881  937
881  993
882  883
882  884
882  885
882  886
882  887
882  888
882  890
882  938
882  994
883  884
883  885
883  886
883  887
883  888
883  891
883  939
883  995
884  885
884  886
884  887
884  888
884  892
884  940
884  996
885  886
885  887
885  888
885  893
885  941
885  997
886  887
886  888
886  894
886  942
886  998
887  888
887  895
887  943
887  999
888  896
888  944
888  1000
889  890
889  891
889  892
889  893
889  894
889  895
889  896
889  945
889  1001
890  891
890  892
890  893
890  894
890  895
890  896
890  946
890  1002
891  892
891  893
891  894
891  895
891  896
891  947
891  1003
892  893
892  894
892  895
892  896
892  948
892  1004
893  894
893  895
893  896
893  949
893  1005
894  895
894  896
894  950
894  1006
895  896
895  951
895  1007
896  952
896  1008
897  898
897  899
897  900
897  901
897  902
897  903
897  904
897  905
897  913
897  921
897  929
897  937
897  945
897  953
898  899
898  900
898  901
898  902
898  903
898  904
898  906
898  914
898  922
898  930
898  938
898  946
898  954
899  900
899  901
899  902
899  903
899  904
899  907
899  915
899  923
899  931
899  939
899  947
899  955
900  901
900  902
900  903
900  904
900  908
900  916
900  924
900  932
900  940
900  948
900  956
901  902
901  903
901  904
901  909
901  917
901  925
901  933
901  941
901  949
901  957
902  903
902  904
902  910
902  918
902  926
902  934
902  942
902  950
902  958
903  904
903  911
903  919
903  927
903  935
903  943
903  951
903  959
904  912
904  920
904  928
904  936
904  944
904  952
904  960
905  906
905  907
905  908
905  909
905  910
905  911
905  912
905  913
905  921
905  929
905  937
905  945
905  961
906  907
906  908
906  909
906  910
906  911
906  912
906  914
906  922
906  930
906  938
906  946
906  962
907  908
907  909
907  910
907  911
907  912
907  915
907  923
907  931
907  939
907  947
907  963
908  909
908  910
908  911
908  912
908  916
908  924
908  932
908  940
908  948
908  964
909  910
909  911
909  912
909  917
909  925
909  933
909  941
909  949
909  965
910  911
910  912
910  918
910  926
910  934
910  942
910  950
910  966
911  912
911  919
911  927
911  935
911  943
911  951
911  967
912  920
912  928
912  936
912  944
912  952
912  968
913  914
913  915
913  916
913  917
913  918
913  919
913  920
913  921
913  929
913  937
913  945
913  969
914  915
914  916
914  917
914  918
914  919
914  920
914  922
914  930
914  938
914  946
914  970
915  916
915  917
915  918
915  919
915  920
915  923
915  931
915  939
915  947
915  971
916  917
916  918
916  919
916  920
916  924
916  932
916  940
916  948
916  972
917  918
917  919
917  920
917  925
917  933
917  941
917  949
917  973
918  919
918  920
918  926
918  934
918  942
918  950
918  974
919  920
919  927
919  935
919  943
919  951
919  975
920  928
920  936
920  944
920  952
920  976
921  922
921  923
921  924
921  925
921  926
921  927
921  928
921  929
921  937
921  945
921  977
922  923
922  924
922  925
922  926
922  927
922  928
922  930
922  938
922  946
922  978
923  924
923  925
923  926
923  927
923  928
923  931
923  939
923  947
923  979
924  925
924  926
924  927
924  928
924  932
924  940
924  948
924  980
925  926
925  927
925  928
925  933
925  941
925  949
925  981
926  927
926  928
926  934
926  942
926  950
926  982
927  928
927  935
927  943
927  951
927  983
928  936
928  944
928  952
928  984
929  930
929  931
929  932
929  933
929  934
929  935
929  936
929  937
929  945
929  985
930  931
930  932
930  933
930  934
930  935
930  936
930  938
930  946
930  986
931  932
931  933
931  934
931  935
931  936
931  939
931  947
931  987
932  933
932  934
932  935
932  936
932  940
932  948
932  988
933  934
933  935
933  936
933  941
933  949
933  989
934  935
934  936
934  942
934  950
934  990
935  936
935  943
935  951
935  991
936  944
936  952
936  992
937  938
937  939
937  940
937  941
937  942
937  943
937  944
937  945
937  993
938  939
938  940
938  941
938  942
938  943
938  944
938  946
938  994
939  940
939  941
939  942
939  943
939  944
939  947
939  995
940  941
940  942
940  943
940  944
940  948
940  996
941  942
941  943
941  944
941  949
941  997
942  943
942  944
942  950
942  998
943  944
943  951
943  999
944  952
944  1000
945  946
945  947
945  948
945  949
945  950
945  951
945  952
945  1001
946  947
946  948
946  949
946  950
946  951
946  952
946  1002
947  948
947  949
947  950
947  951
947  952
947  1003
948  949
948  950
948  951
948  952
948  1004
949  950
949  951
949  952
949  1005
950  951
950  952
950  1006
951  952
951  1007
952  1008
953  954
953  955
953  956
953  957
953  958
953  959
953  960
953  961
953  969
953  977
953  985
953  993
953  1001
954  955
954  956
954  957
954  958
954  959
954  960
954  962
954  970
954  978
954  986
954  994
954  1002
955  956
955  957
955  958
955  959
955  960
955  963
955  971
955  979
955  987
955  995
955  1003
956  957
956  958
956  959
956  960
956  964
956  972
956  980
956  988
956  996
956  1004
957  958
957  959
957  960
957  965
957  973
957  981
957  989
957  997
957  1005
958  959
958  960
958  966
958  974
958  982
958  990
958  998
958  1006
959  960
959  967
959  975
959  983
959  991
959  999
959  1007
960  968
960  976
960  984
960  992
960  1000
960  1008
961  962
961  963
961  964
961  965
961  966
961  967
961  968
961  969
961  977
961  985
961  993
961  1001
962  963
962  964
962  965
962  966
962  967
962  968
962  970
962  978
962  986
962  994
962  1002
963  964
963  965
963  966
963  967
963  968
963  971
963  979
963  987
963  995
963  1003
964  965
964  966
964  967
964  968
964  972
964  980
964  988
964  996
964  1004
965  966
965  967
965  968
965  973
965  981
965  989
965  997
965  1005
966  967
966  968
966  974
966  982
966  990
966  998
966  1006
967  968
967  975
967  983
967  991
967  999
967  1007
968  976
968  984
968  992
968  1000
968  1008
969  970
969  971
969  972
969  973
969  974
969  975
969  976
969  977
969  985
969  993
969  1001
970  971
970  972
970  973
970  974
970  975
970  976
970  978
970  986
970  994
970  1002
971  972
971  973
971  974
971  975
971  976
971  979
971  987
971  995
971  1003
972  973
972  974
972  975
972  976
972  980
972  988
972  996
972  1004
973  974
973  975
973  976
973  981
973  989
973  997
973  1005
974  975
974  976
974  982
974  990
974  998
974  1006
975  976
975  983
975  991
975  999
975  1007
976  984
976  992
976  1000
976  1008
977  978
977  979
977  980
977  981
977  982
977  983
977  984
977  985
977  993
977  1001
978  979
978  980
978  981
978  982
978  983
978  984
978  986
978  994
978  1002
979  980
979  981
979  982
979  983
979  984
979  987
979  995
979  1003
980  981
980  982
980  983
980  984
980  988
980  996
980  1004
981  982
981  983
981  984
981  989
981  997
981  1005
982  983
982  984
982  990
982  998
982  1006
983  984
983  991
983  999
983  1007
984  992
984  1000
984  1008
985  986
985  987
985  988
985  989
985  990
985  991
985  992
985  993
985  1001
986  987
986  988
986  989
986  990
986  991
986  992
986  994
986  1002
987  988
987  989
987  990
987  991
987  992
987  995
987  1003
988  989
988  990
988  991
988  992
988  996
988  1004
989  990
989  991
989  992
989  997
989  1005
990  991
990  992
990  998
990  1006
991  992
991  999
991  1007
992  1000
992  1008
993  994
993  995
993  996
993  997
993  998
993  999
993  1000
993  1001
994  995
994  996
994  997
994  998
994  999
994  1000
994  1002
995  996
995  997
995  998
995  999
995  1000
995  1003
996  997
996  998
996  999
996  1000
996  1004
997  998
997  999
997  1000
997  1005
998  999
998  1000
998  1006
999  1000
999  1007
1000  1008
1001  1002
1001  1003
1001  1004
1001  1005
1001  1006
1001  1007
1001  1008
1002  1003
1002  1004
1002  1005
1002  1006
1002  1007
1002  1008
1003  1004
1003  1005
1003  1006
1003  1007
1003  1008
1004  1005
1004  1006
1004  1007
1004  1008
1005  1006
1005  1007
1005  1008
1006  1007
1006  1008
1007  1008
