Problem name: hamming5x5x6.txt 	 Optimal solution = 25
150 150 975
1  2
1  3
1  4
1  5
1  6
1  7
1  13
1  19
1  25
1  31
1  61
1  91
1  121
2  3
2  4
2  5
2  6
2  8
2  14
2  20
2  26
2  32
2  62
2  92
2  122
3  4
3  5
3  6
3  9
3  15
3  21
3  27
3  33
3  63
3  93
3  123
4  5
4  6
4  10
4  16
4  22
4  28
4  34
4  64
4  94
4  124
5  6
5  11
5  17
5  23
5  29
5  35
5  65
5  95
5  125
6  12
6  18
6  24
6  30
6  36
6  66
6  96
6  126
7  8
7  9
7  10
7  11
7  12
7  13
7  19
7  25
7  37
7  67
7  97
7  127
8  9
8  10
8  11
8  12
8  14
8  20
8  26
8  38
8  68
8  98
8  128
9  10
9  11
9  12
9  15
9  21
9  27
9  39
9  69
9  99
9  129
10  11
10  12
10  16
10  22
10  28
10  40
10  70
10  100
10  130
11  12
11  17
11  23
11  29
11  41
11  71
11  101
11  131
12  18
12  24
12  30
12  42
12  72
12  102
12  132
13  14
13  15
13  16
13  17
13  18
13  19
13  25
13  43
13  73
13  103
13  133
14  15
14  16
14  17
14  18
14  20
14  26
14  44
14  74
14  104
14  134
15  16
15  17
15  18
15  21
15  27
15  45
15  75
15  105
15  135
16  17
16  18
16  22
16  28
16  46
16  76
16  106
16  136
17  18
17  23
17  29
17  47
17  77
17  107
17  137
18  24
18  30
18  48
18  78
18  108
18  138
19  20
19  21
19  22
19  23
19  24
19  25
19  49
19  79
19  109
19  139
20  21
20  22
20  23
20  24
20  26
20  50
20  80
20  110
20  140
21  22
21  23
21  24
21  27
21  51
21  81
21  111
21  141
22  23
22  24
22  28
22  52
22  82
22  112
22  142
23  24
23  29
23  53
23  83
23  113
23  143
24  30
24  54
24  84
24  114
24  144
25  26
25  27
25  28
25  29
25  30
25  55
25  85
25  115
25  145
26  27
26  28
26  29
26  30
26  56
26  86
26  116
26  146
27  28
27  29
27  30
27  57
27  87
27  117
27  147
28  29
28  30
28  58
28  88
28  118
28  148
29  30
29  59
29  89
29  119
29  149
30  60
30  90
30  120
30  150
31  32
31  33
31  34
31  35
31  36
31  37
31  43
31  49
31  55
31  61
31  91
31  121
32  33
32  34
32  35
32  36
32  38
32  44
32  50
32  56
32  62
32  92
32  122
33  34
33  35
33  36
33  39
33  45
33  51
33  57
33  63
33  93
33  123
34  35
34  36
34  40
34  46
34  52
34  58
34  64
34  94
34  124
35  36
35  41
35  47
35  53
35  59
35  65
35  95
35  125
36  42
36  48
36  54
36  60
36  66
36  96
36  126
37  38
37  39
37  40
37  41
37  42
37  43
37  49
37  55
37  67
37  97
37  127
38  39
38  40
38  41
38  42
38  44
38  50
38  56
38  68
38  98
38  128
39  40
39  41
39  42
39  45
39  51
39  57
39  69
39  99
39  129
40  41
40  42
40  46
40  52
40  58
40  70
40  100
40  130
41  42
41  47
41  53
41  59
41  71
41  101
41  131
42  48
42  54
42  60
42  72
42  102
42  132
43  44
43  45
43  46
43  47
43  48
43  49
43  55
43  73
43  103
43  133
44  45
44  46
44  47
44  48
44  50
44  56
44  74
44  104
44  134
45  46
45  47
45  48
45  51
45  57
45  75
45  105
45  135
46  47
46  48
46  52
46  58
46  76
46  106
46  136
47  48
47  53
47  59
47  77
47  107
47  137
48  54
48  60
48  78
48  108
48  138
49  50
49  51
49  52
49  53
49  54
49  55
49  79
49  109
49  139
50  51
50  52
50  53
50  54
50  56
50  80
50  110
50  140
51  52
51  53
51  54
51  57
51  81
51  111
51  141
52  53
52  54
52  58
52  82
52  112
52  142
53  54
53  59
53  83
53  113
53  143
54  60
54  84
54  114
54  144
55  56
55  57
55  58
55  59
55  60
55  85
55  115
55  145
56  57
56  58
56  59
56  60
56  86
56  116
56  146
57  58
57  59
57  60
57  87
57  117
57  147
58  59
58  60
58  88
58  118
58  148
59  60
59  89
59  119
59  149
60  90
60  120
60  150
61  62
61  63
61  64
61  65
61  66
61  67
61  73
61  79
61  85
61  91
61  121
62  63
62  64
62  65
62  66
62  68
62  74
62  80
62  86
62  92
62  122
63  64
63  65
63  66
63  69
63  75
63  81
63  87
63  93
63  123
64  65
64  66
64  70
64  76
64  82
64  88
64  94
64  124
65  66
65  71
65  77
65  83
65  89
65  95
65  125
66  72
66  78
66  84
66  90
66  96
66  126
67  68
67  69
67  70
67  71
67  72
67  73
67  79
67  85
67  97
67  127
68  69
68  70
68  71
68  72
68  74
68  80
68  86
68  98
68  128
69  70
69  71
69  72
69  75
69  81
69  87
69  99
69  129
70  71
70  72
70  76
70  82
70  88
70  100
70  130
71  72
71  77
71  83
71  89
71  101
71  131
72  78
72  84
72  90
72  102
72  132
73  74
73  75
73  76
73  77
73  78
73  79
73  85
73  103
73  133
74  75
74  76
74  77
74  78
74  80
74  86
74  104
74  134
75  76
75  77
75  78
75  81
75  87
75  105
75  135
76  77
76  78
76  82
76  88
76  106
76  136
77  78
77  83
77  89
77  107
77  137
78  84
78  90
78  108
78  138
79  80
79  81
79  82
79  83
79  84
79  85
79  109
79  139
80  81
80  82
80  83
80  84
80  86
80  110
80  140
81  82
81  83
81  84
81  87
81  111
81  141
82  83
82  84
82  88
82  112
82  142
83  84
83  89
83  113
83  143
84  90
84  114
84  144
85  86
85  87
85  88
85  89
85  90
85  115
85  145
86  87
86  88
86  89
86  90
86  116
86  146
87  88
87  89
87  90
87  117
87  147
88  89
88  90
88  118
88  148
89  90
89  119
89  149
90  120
90  150
91  92
91  93
91  94
91  95
91  96
91  97
91  103
91  109
91  115
91  121
92  93
92  94
92  95
92  96
92  98
92  104
92  110
92  116
92  122
93  94
93  95
93  96
93  99
93  105
93  111
93  117
93  123
94  95
94  96
94  100
94  106
94  112
94  118
94  124
95  96
95  101
95  107
95  113
95  119
95  125
96  102
96  108
96  114
96  120
96  126
97  98
97  99
97  100
97  101
97  102
97  103
97  109
97  115
97  127
98  99
98  100
98  101
98  102
98  104
98  110
98  116
98  128
99  100
99  101
99  102
99  105
99  111
99  117
99  129
100  101
100  102
100  106
100  112
100  118
100  130
101  102
101  107
101  113
101  119
101  131
102  108
102  114
102  120
102  132
103  104
103  105
103  106
103  107
103  108
103  109
103  115
103  133
104  105
104  106
104  107
104  108
104  110
104  116
104  134
105  106
105  107
105  108
105  111
105  117
105  135
106  107
106  108
106  112
106  118
106  136
107  108
107  113
107  119
107  137
108  114
108  120
108  138
109  110
109  111
109  112
109  113
109  114
109  115
109  139
110  111
110  112
110  113
110  114
110  116
110  140
111  112
111  113
111  114
111  117
111  141
112  113
112  114
112  118
112  142
113  114
113  119
113  143
114  120
114  144
115  116
115  117
115  118
115  119
115  120
115  145
116  117
116  118
116  119
116  120
116  146
117  118
117  119
117  120
117  147
118  119
118  120
118  148
119  120
119  149
120  150
121  122
121  123
121  124
121  125
121  126
121  127
121  133
121  139
121  145
122  123
122  124
122  125
122  126
122  128
122  134
122  140
122  146
123  124
123  125
123  126
123  129
123  135
123  141
123  147
124  125
124  126
124  130
124  136
124  142
124  148
125  126
125  131
125  137
125  143
125  149
126  132
126  138
126  144
126  150
127  128
127  129
127  130
127  131
127  132
127  133
127  139
127  145
128  129
128  130
128  131
128  132
128  134
128  140
128  146
129  130
129  131
129  132
129  135
129  141
129  147
130  131
130  132
130  136
130  142
130  148
131  132
131  137
131  143
131  149
132  138
132  144
132  150
133  134
133  135
133  136
133  137
133  138
133  139
133  145
134  135
134  136
134  137
134  138
134  140
134  146
135  136
135  137
135  138
135  141
135  147
136  137
136  138
136  142
136  148
137  138
137  143
137  149
138  144
138  150
139  140
139  141
139  142
139  143
139  144
139  145
140  141
140  142
140  143
140  144
140  146
141  142
141  143
141  144
141  147
142  143
142  144
142  148
143  144
143  149
144  150
145  146
145  147
145  148
145  149
145  150
146  147
146  148
146  149
146  150
147  148
147  149
147  150
148  149
148  150
149  150
