Problem name: hamming3x3x4x5x5.txt 	 Optimal solution = 179
900 900 6750
1  2
1  3
1  4
1  5
1  6
1  11
1  16
1  21
1  26
1  51
1  76
1  101
1  201
1  301
1  601
2  3
2  4
2  5
2  7
2  12
2  17
2  22
2  27
2  52
2  77
2  102
2  202
2  302
2  602
3  4
3  5
3  8
3  13
3  18
3  23
3  28
3  53
3  78
3  103
3  203
3  303
3  603
4  5
4  9
4  14
4  19
4  24
4  29
4  54
4  79
4  104
4  204
4  304
4  604
5  10
5  15
5  20
5  25
5  30
5  55
5  80
5  105
5  205
5  305
5  605
6  7
6  8
6  9
6  10
6  11
6  16
6  21
6  31
6  56
6  81
6  106
6  206
6  306
6  606
7  8
7  9
7  10
7  12
7  17
7  22
7  32
7  57
7  82
7  107
7  207
7  307
7  607
8  9
8  10
8  13
8  18
8  23
8  33
8  58
8  83
8  108
8  208
8  308
8  608
9  10
9  14
9  19
9  24
9  34
9  59
9  84
9  109
9  209
9  309
9  609
10  15
10  20
10  25
10  35
10  60
10  85
10  110
10  210
10  310
10  610
11  12
11  13
11  14
11  15
11  16
11  21
11  36
11  61
11  86
11  111
11  211
11  311
11  611
12  13
12  14
12  15
12  17
12  22
12  37
12  62
12  87
12  112
12  212
12  312
12  612
13  14
13  15
13  18
13  23
13  38
13  63
13  88
13  113
13  213
13  313
13  613
14  15
14  19
14  24
14  39
14  64
14  89
14  114
14  214
14  314
14  614
15  20
15  25
15  40
15  65
15  90
15  115
15  215
15  315
15  615
16  17
16  18
16  19
16  20
16  21
16  41
16  66
16  91
16  116
16  216
16  316
16  616
17  18
17  19
17  20
17  22
17  42
17  67
17  92
17  117
17  217
17  317
17  617
18  19
18  20
18  23
18  43
18  68
18  93
18  118
18  218
18  318
18  618
19  20
19  24
19  44
19  69
19  94
19  119
19  219
19  319
19  619
20  25
20  45
20  70
20  95
20  120
20  220
20  320
20  620
21  22
21  23
21  24
21  25
21  46
21  71
21  96
21  121
21  221
21  321
21  621
22  23
22  24
22  25
22  47
22  72
22  97
22  122
22  222
22  322
22  622
23  24
23  25
23  48
23  73
23  98
23  123
23  223
23  323
23  623
24  25
24  49
24  74
24  99
24  124
24  224
24  324
24  624
25  50
25  75
25  100
25  125
25  225
25  325
25  625
26  27
26  28
26  29
26  30
26  31
26  36
26  41
26  46
26  51
26  76
26  126
26  226
26  326
26  626
27  28
27  29
27  30
27  32
27  37
27  42
27  47
27  52
27  77
27  127
27  227
27  327
27  627
28  29
28  30
28  33
28  38
28  43
28  48
28  53
28  78
28  128
28  228
28  328
28  628
29  30
29  34
29  39
29  44
29  49
29  54
29  79
29  129
29  229
29  329
29  629
30  35
30  40
30  45
30  50
30  55
30  80
30  130
30  230
30  330
30  630
31  32
31  33
31  34
31  35
31  36
31  41
31  46
31  56
31  81
31  131
31  231
31  331
31  631
32  33
32  34
32  35
32  37
32  42
32  47
32  57
32  82
32  132
32  232
32  332
32  632
33  34
33  35
33  38
33  43
33  48
33  58
33  83
33  133
33  233
33  333
33  633
34  35
34  39
34  44
34  49
34  59
34  84
34  134
34  234
34  334
34  634
35  40
35  45
35  50
35  60
35  85
35  135
35  235
35  335
35  635
36  37
36  38
36  39
36  40
36  41
36  46
36  61
36  86
36  136
36  236
36  336
36  636
37  38
37  39
37  40
37  42
37  47
37  62
37  87
37  137
37  237
37  337
37  637
38  39
38  40
38  43
38  48
38  63
38  88
38  138
38  238
38  338
38  638
39  40
39  44
39  49
39  64
39  89
39  139
39  239
39  339
39  639
40  45
40  50
40  65
40  90
40  140
40  240
40  340
40  640
41  42
41  43
41  44
41  45
41  46
41  66
41  91
41  141
41  241
41  341
41  641
42  43
42  44
42  45
42  47
42  67
42  92
42  142
42  242
42  342
42  642
43  44
43  45
43  48
43  68
43  93
43  143
43  243
43  343
43  643
44  45
44  49
44  69
44  94
44  144
44  244
44  344
44  644
45  50
45  70
45  95
45  145
45  245
45  345
45  645
46  47
46  48
46  49
46  50
46  71
46  96
46  146
46  246
46  346
46  646
47  48
47  49
47  50
47  72
47  97
47  147
47  247
47  347
47  647
48  49
48  50
48  73
48  98
48  148
48  248
48  348
48  648
49  50
49  74
49  99
49  149
49  249
49  349
49  649
50  75
50  100
50  150
50  250
50  350
50  650
51  52
51  53
51  54
51  55
51  56
51  61
51  66
51  71
51  76
51  151
51  251
51  351
51  651
52  53
52  54
52  55
52  57
52  62
52  67
52  72
52  77
52  152
52  252
52  352
52  652
53  54
53  55
53  58
53  63
53  68
53  73
53  78
53  153
53  253
53  353
53  653
54  55
54  59
54  64
54  69
54  74
54  79
54  154
54  254
54  354
54  654
55  60
55  65
55  70
55  75
55  80
55  155
55  255
55  355
55  655
56  57
56  58
56  59
56  60
56  61
56  66
56  71
56  81
56  156
56  256
56  356
56  656
57  58
57  59
57  60
57  62
57  67
57  72
57  82
57  157
57  257
57  357
57  657
58  59
58  60
58  63
58  68
58  73
58  83
58  158
58  258
58  358
58  658
59  60
59  64
59  69
59  74
59  84
59  159
59  259
59  359
59  659
60  65
60  70
60  75
60  85
60  160
60  260
60  360
60  660
61  62
61  63
61  64
61  65
61  66
61  71
61  86
61  161
61  261
61  361
61  661
62  63
62  64
62  65
62  67
62  72
62  87
62  162
62  262
62  362
62  662
63  64
63  65
63  68
63  73
63  88
63  163
63  263
63  363
63  663
64  65
64  69
64  74
64  89
64  164
64  264
64  364
64  664
65  70
65  75
65  90
65  165
65  265
65  365
65  665
66  67
66  68
66  69
66  70
66  71
66  91
66  166
66  266
66  366
66  666
67  68
67  69
67  70
67  72
67  92
67  167
67  267
67  367
67  667
68  69
68  70
68  73
68  93
68  168
68  268
68  368
68  668
69  70
69  74
69  94
69  169
69  269
69  369
69  669
70  75
70  95
70  170
70  270
70  370
70  670
71  72
71  73
71  74
71  75
71  96
71  171
71  271
71  371
71  671
72  73
72  74
72  75
72  97
72  172
72  272
72  372
72  672
73  74
73  75
73  98
73  173
73  273
73  373
73  673
74  75
74  99
74  174
74  274
74  374
74  674
75  100
75  175
75  275
75  375
75  675
76  77
76  78
76  79
76  80
76  81
76  86
76  91
76  96
76  176
76  276
76  376
76  676
77  78
77  79
77  80
77  82
77  87
77  92
77  97
77  177
77  277
77  377
77  677
78  79
78  80
78  83
78  88
78  93
78  98
78  178
78  278
78  378
78  678
79  80
79  84
79  89
79  94
79  99
79  179
79  279
79  379
79  679
80  85
80  90
80  95
80  100
80  180
80  280
80  380
80  680
81  82
81  83
81  84
81  85
81  86
81  91
81  96
81  181
81  281
81  381
81  681
82  83
82  84
82  85
82  87
82  92
82  97
82  182
82  282
82  382
82  682
83  84
83  85
83  88
83  93
83  98
83  183
83  283
83  383
83  683
84  85
84  89
84  94
84  99
84  184
84  284
84  384
84  684
85  90
85  95
85  100
85  185
85  285
85  385
85  685
86  87
86  88
86  89
86  90
86  91
86  96
86  186
86  286
86  386
86  686
87  88
87  89
87  90
87  92
87  97
87  187
87  287
87  387
87  687
88  89
88  90
88  93
88  98
88  188
88  288
88  388
88  688
89  90
89  94
89  99
89  189
89  289
89  389
89  689
90  95
90  100
90  190
90  290
90  390
90  690
91  92
91  93
91  94
91  95
91  96
91  191
91  291
91  391
91  691
92  93
92  94
92  95
92  97
92  192
92  292
92  392
92  692
93  94
93  95
93  98
93  193
93  293
93  393
93  693
94  95
94  99
94  194
94  294
94  394
94  694
95  100
95  195
95  295
95  395
95  695
96  97
96  98
96  99
96  100
96  196
96  296
96  396
96  696
97  98
97  99
97  100
97  197
97  297
97  397
97  697
98  99
98  100
98  198
98  298
98  398
98  698
99  100
99  199
99  299
99  399
99  699
100  200
100  300
100  400
100  700
101  102
101  103
101  104
101  105
101  106
101  111
101  116
101  121
101  126
101  151
101  176
101  201
101  401
101  701
102  103
102  104
102  105
102  107
102  112
102  117
102  122
102  127
102  152
102  177
102  202
102  402
102  702
103  104
103  105
103  108
103  113
103  118
103  123
103  128
103  153
103  178
103  203
103  403
103  703
104  105
104  109
104  114
104  119
104  124
104  129
104  154
104  179
104  204
104  404
104  704
105  110
105  115
105  120
105  125
105  130
105  155
105  180
105  205
105  405
105  705
106  107
106  108
106  109
106  110
106  111
106  116
106  121
106  131
106  156
106  181
106  206
106  406
106  706
107  108
107  109
107  110
107  112
107  117
107  122
107  132
107  157
107  182
107  207
107  407
107  707
108  109
108  110
108  113
108  118
108  123
108  133
108  158
108  183
108  208
108  408
108  708
109  110
109  114
109  119
109  124
109  134
109  159
109  184
109  209
109  409
109  709
110  115
110  120
110  125
110  135
110  160
110  185
110  210
110  410
110  710
111  112
111  113
111  114
111  115
111  116
111  121
111  136
111  161
111  186
111  211
111  411
111  711
112  113
112  114
112  115
112  117
112  122
112  137
112  162
112  187
112  212
112  412
112  712
113  114
113  115
113  118
113  123
113  138
113  163
113  188
113  213
113  413
113  713
114  115
114  119
114  124
114  139
114  164
114  189
114  214
114  414
114  714
115  120
115  125
115  140
115  165
115  190
115  215
115  415
115  715
116  117
116  118
116  119
116  120
116  121
116  141
116  166
116  191
116  216
116  416
116  716
117  118
117  119
117  120
117  122
117  142
117  167
117  192
117  217
117  417
117  717
118  119
118  120
118  123
118  143
118  168
118  193
118  218
118  418
118  718
119  120
119  124
119  144
119  169
119  194
119  219
119  419
119  719
120  125
120  145
120  170
120  195
120  220
120  420
120  720
121  122
121  123
121  124
121  125
121  146
121  171
121  196
121  221
121  421
121  721
122  123
122  124
122  125
122  147
122  172
122  197
122  222
122  422
122  722
123  124
123  125
123  148
123  173
123  198
123  223
123  423
123  723
124  125
124  149
124  174
124  199
124  224
124  424
124  724
125  150
125  175
125  200
125  225
125  425
125  725
126  127
126  128
126  129
126  130
126  131
126  136
126  141
126  146
126  151
126  176
126  226
126  426
126  726
127  128
127  129
127  130
127  132
127  137
127  142
127  147
127  152
127  177
127  227
127  427
127  727
128  129
128  130
128  133
128  138
128  143
128  148
128  153
128  178
128  228
128  428
128  728
129  130
129  134
129  139
129  144
129  149
129  154
129  179
129  229
129  429
129  729
130  135
130  140
130  145
130  150
130  155
130  180
130  230
130  430
130  730
131  132
131  133
131  134
131  135
131  136
131  141
131  146
131  156
131  181
131  231
131  431
131  731
132  133
132  134
132  135
132  137
132  142
132  147
132  157
132  182
132  232
132  432
132  732
133  134
133  135
133  138
133  143
133  148
133  158
133  183
133  233
133  433
133  733
134  135
134  139
134  144
134  149
134  159
134  184
134  234
134  434
134  734
135  140
135  145
135  150
135  160
135  185
135  235
135  435
135  735
136  137
136  138
136  139
136  140
136  141
136  146
136  161
136  186
136  236
136  436
136  736
137  138
137  139
137  140
137  142
137  147
137  162
137  187
137  237
137  437
137  737
138  139
138  140
138  143
138  148
138  163
138  188
138  238
138  438
138  738
139  140
139  144
139  149
139  164
139  189
139  239
139  439
139  739
140  145
140  150
140  165
140  190
140  240
140  440
140  740
141  142
141  143
141  144
141  145
141  146
141  166
141  191
141  241
141  441
141  741
142  143
142  144
142  145
142  147
142  167
142  192
142  242
142  442
142  742
143  144
143  145
143  148
143  168
143  193
143  243
143  443
143  743
144  145
144  149
144  169
144  194
144  244
144  444
144  744
145  150
145  170
145  195
145  245
145  445
145  745
146  147
146  148
146  149
146  150
146  171
146  196
146  246
146  446
146  746
147  148
147  149
147  150
147  172
147  197
147  247
147  447
147  747
148  149
148  150
148  173
148  198
148  248
148  448
148  748
149  150
149  174
149  199
149  249
149  449
149  749
150  175
150  200
150  250
150  450
150  750
151  152
151  153
151  154
151  155
151  156
151  161
151  166
151  171
151  176
151  251
151  451
151  751
152  153
152  154
152  155
152  157
152  162
152  167
152  172
152  177
152  252
152  452
152  752
153  154
153  155
153  158
153  163
153  168
153  173
153  178
153  253
153  453
153  753
154  155
154  159
154  164
154  169
154  174
154  179
154  254
154  454
154  754
155  160
155  165
155  170
155  175
155  180
155  255
155  455
155  755
156  157
156  158
156  159
156  160
156  161
156  166
156  171
156  181
156  256
156  456
156  756
157  158
157  159
157  160
157  162
157  167
157  172
157  182
157  257
157  457
157  757
158  159
158  160
158  163
158  168
158  173
158  183
158  258
158  458
158  758
159  160
159  164
159  169
159  174
159  184
159  259
159  459
159  759
160  165
160  170
160  175
160  185
160  260
160  460
160  760
161  162
161  163
161  164
161  165
161  166
161  171
161  186
161  261
161  461
161  761
162  163
162  164
162  165
162  167
162  172
162  187
162  262
162  462
162  762
163  164
163  165
163  168
163  173
163  188
163  263
163  463
163  763
164  165
164  169
164  174
164  189
164  264
164  464
164  764
165  170
165  175
165  190
165  265
165  465
165  765
166  167
166  168
166  169
166  170
166  171
166  191
166  266
166  466
166  766
167  168
167  169
167  170
167  172
167  192
167  267
167  467
167  767
168  169
168  170
168  173
168  193
168  268
168  468
168  768
169  170
169  174
169  194
169  269
169  469
169  769
170  175
170  195
170  270
170  470
170  770
171  172
171  173
171  174
171  175
171  196
171  271
171  471
171  771
172  173
172  174
172  175
172  197
172  272
172  472
172  772
173  174
173  175
173  198
173  273
173  473
173  773
174  175
174  199
174  274
174  474
174  774
175  200
175  275
175  475
175  775
176  177
176  178
176  179
176  180
176  181
176  186
176  191
176  196
176  276
176  476
176  776
177  178
177  179
177  180
177  182
177  187
177  192
177  197
177  277
177  477
177  777
178  179
178  180
178  183
178  188
178  193
178  198
178  278
178  478
178  778
179  180
179  184
179  189
179  194
179  199
179  279
179  479
179  779
180  185
180  190
180  195
180  200
180  280
180  480
180  780
181  182
181  183
181  184
181  185
181  186
181  191
181  196
181  281
181  481
181  781
182  183
182  184
182  185
182  187
182  192
182  197
182  282
182  482
182  782
183  184
183  185
183  188
183  193
183  198
183  283
183  483
183  783
184  185
184  189
184  194
184  199
184  284
184  484
184  784
185  190
185  195
185  200
185  285
185  485
185  785
186  187
186  188
186  189
186  190
186  191
186  196
186  286
186  486
186  786
187  188
187  189
187  190
187  192
187  197
187  287
187  487
187  787
188  189
188  190
188  193
188  198
188  288
188  488
188  788
189  190
189  194
189  199
189  289
189  489
189  789
190  195
190  200
190  290
190  490
190  790
191  192
191  193
191  194
191  195
191  196
191  291
191  491
191  791
192  193
192  194
192  195
192  197
192  292
192  492
192  792
193  194
193  195
193  198
193  293
193  493
193  793
194  195
194  199
194  294
194  494
194  794
195  200
195  295
195  495
195  795
196  197
196  198
196  199
196  200
196  296
196  496
196  796
197  198
197  199
197  200
197  297
197  497
197  797
198  199
198  200
198  298
198  498
198  798
199  200
199  299
199  499
199  799
200  300
200  500
200  800
201  202
201  203
201  204
201  205
201  206
201  211
201  216
201  221
201  226
201  251
201  276
201  501
201  801
202  203
202  204
202  205
202  207
202  212
202  217
202  222
202  227
202  252
202  277
202  502
202  802
203  204
203  205
203  208
203  213
203  218
203  223
203  228
203  253
203  278
203  503
203  803
204  205
204  209
204  214
204  219
204  224
204  229
204  254
204  279
204  504
204  804
205  210
205  215
205  220
205  225
205  230
205  255
205  280
205  505
205  805
206  207
206  208
206  209
206  210
206  211
206  216
206  221
206  231
206  256
206  281
206  506
206  806
207  208
207  209
207  210
207  212
207  217
207  222
207  232
207  257
207  282
207  507
207  807
208  209
208  210
208  213
208  218
208  223
208  233
208  258
208  283
208  508
208  808
209  210
209  214
209  219
209  224
209  234
209  259
209  284
209  509
209  809
210  215
210  220
210  225
210  235
210  260
210  285
210  510
210  810
211  212
211  213
211  214
211  215
211  216
211  221
211  236
211  261
211  286
211  511
211  811
212  213
212  214
212  215
212  217
212  222
212  237
212  262
212  287
212  512
212  812
213  214
213  215
213  218
213  223
213  238
213  263
213  288
213  513
213  813
214  215
214  219
214  224
214  239
214  264
214  289
214  514
214  814
215  220
215  225
215  240
215  265
215  290
215  515
215  815
216  217
216  218
216  219
216  220
216  221
216  241
216  266
216  291
216  516
216  816
217  218
217  219
217  220
217  222
217  242
217  267
217  292
217  517
217  817
218  219
218  220
218  223
218  243
218  268
218  293
218  518
218  818
219  220
219  224
219  244
219  269
219  294
219  519
219  819
220  225
220  245
220  270
220  295
220  520
220  820
221  222
221  223
221  224
221  225
221  246
221  271
221  296
221  521
221  821
222  223
222  224
222  225
222  247
222  272
222  297
222  522
222  822
223  224
223  225
223  248
223  273
223  298
223  523
223  823
224  225
224  249
224  274
224  299
224  524
224  824
225  250
225  275
225  300
225  525
225  825
226  227
226  228
226  229
226  230
226  231
226  236
226  241
226  246
226  251
226  276
226  526
226  826
227  228
227  229
227  230
227  232
227  237
227  242
227  247
227  252
227  277
227  527
227  827
228  229
228  230
228  233
228  238
228  243
228  248
228  253
228  278
228  528
228  828
229  230
229  234
229  239
229  244
229  249
229  254
229  279
229  529
229  829
230  235
230  240
230  245
230  250
230  255
230  280
230  530
230  830
231  232
231  233
231  234
231  235
231  236
231  241
231  246
231  256
231  281
231  531
231  831
232  233
232  234
232  235
232  237
232  242
232  247
232  257
232  282
232  532
232  832
233  234
233  235
233  238
233  243
233  248
233  258
233  283
233  533
233  833
234  235
234  239
234  244
234  249
234  259
234  284
234  534
234  834
235  240
235  245
235  250
235  260
235  285
235  535
235  835
236  237
236  238
236  239
236  240
236  241
236  246
236  261
236  286
236  536
236  836
237  238
237  239
237  240
237  242
237  247
237  262
237  287
237  537
237  837
238  239
238  240
238  243
238  248
238  263
238  288
238  538
238  838
239  240
239  244
239  249
239  264
239  289
239  539
239  839
240  245
240  250
240  265
240  290
240  540
240  840
241  242
241  243
241  244
241  245
241  246
241  266
241  291
241  541
241  841
242  243
242  244
242  245
242  247
242  267
242  292
242  542
242  842
243  244
243  245
243  248
243  268
243  293
243  543
243  843
244  245
244  249
244  269
244  294
244  544
244  844
245  250
245  270
245  295
245  545
245  845
246  247
246  248
246  249
246  250
246  271
246  296
246  546
246  846
247  248
247  249
247  250
247  272
247  297
247  547
247  847
248  249
248  250
248  273
248  298
248  548
248  848
249  250
249  274
249  299
249  549
249  849
250  275
250  300
250  550
250  850
251  252
251  253
251  254
251  255
251  256
251  261
251  266
251  271
251  276
251  551
251  851
252  253
252  254
252  255
252  257
252  262
252  267
252  272
252  277
252  552
252  852
253  254
253  255
253  258
253  263
253  268
253  273
253  278
253  553
253  853
254  255
254  259
254  264
254  269
254  274
254  279
254  554
254  854
255  260
255  265
255  270
255  275
255  280
255  555
255  855
256  257
256  258
256  259
256  260
256  261
256  266
256  271
256  281
256  556
256  856
257  258
257  259
257  260
257  262
257  267
257  272
257  282
257  557
257  857
258  259
258  260
258  263
258  268
258  273
258  283
258  558
258  858
259  260
259  264
259  269
259  274
259  284
259  559
259  859
260  265
260  270
260  275
260  285
260  560
260  860
261  262
261  263
261  264
261  265
261  266
261  271
261  286
261  561
261  861
262  263
262  264
262  265
262  267
262  272
262  287
262  562
262  862
263  264
263  265
263  268
263  273
263  288
263  563
263  863
264  265
264  269
264  274
264  289
264  564
264  864
265  270
265  275
265  290
265  565
265  865
266  267
266  268
266  269
266  270
266  271
266  291
266  566
266  866
267  268
267  269
267  270
267  272
267  292
267  567
267  867
268  269
268  270
268  273
268  293
268  568
268  868
269  270
269  274
269  294
269  569
269  869
270  275
270  295
270  570
270  870
271  272
271  273
271  274
271  275
271  296
271  571
271  871
272  273
272  274
272  275
272  297
272  572
272  872
273  274
273  275
273  298
273  573
273  873
274  275
274  299
274  574
274  874
275  300
275  575
275  875
276  277
276  278
276  279
276  280
276  281
276  286
276  291
276  296
276  576
276  876
277  278
277  279
277  280
277  282
277  287
277  292
277  297
277  577
277  877
278  279
278  280
278  283
278  288
278  293
278  298
278  578
278  878
279  280
279  284
279  289
279  294
279  299
279  579
279  879
280  285
280  290
280  295
280  300
280  580
280  880
281  282
281  283
281  284
281  285
281  286
281  291
281  296
281  581
281  881
282  283
282  284
282  285
282  287
282  292
282  297
282  582
282  882
283  284
283  285
283  288
283  293
283  298
283  583
283  883
284  285
284  289
284  294
284  299
284  584
284  884
285  290
285  295
285  300
285  585
285  885
286  287
286  288
286  289
286  290
286  291
286  296
286  586
286  886
287  288
287  289
287  290
287  292
287  297
287  587
287  887
288  289
288  290
288  293
288  298
288  588
288  888
289  290
289  294
289  299
289  589
289  889
290  295
290  300
290  590
290  890
291  292
291  293
291  294
291  295
291  296
291  591
291  891
292  293
292  294
292  295
292  297
292  592
292  892
293  294
293  295
293  298
293  593
293  893
294  295
294  299
294  594
294  894
295  300
295  595
295  895
296  297
296  298
296  299
296  300
296  596
296  896
297  298
297  299
297  300
297  597
297  897
298  299
298  300
298  598
298  898
299  300
299  599
299  899
300  600
300  900
301  302
301  303
301  304
301  305
301  306
301  311
301  316
301  321
301  326
301  351
301  376
301  401
301  501
301  601
302  303
302  304
302  305
302  307
302  312
302  317
302  322
302  327
302  352
302  377
302  402
302  502
302  602
303  304
303  305
303  308
303  313
303  318
303  323
303  328
303  353
303  378
303  403
303  503
303  603
304  305
304  309
304  314
304  319
304  324
304  329
304  354
304  379
304  404
304  504
304  604
305  310
305  315
305  320
305  325
305  330
305  355
305  380
305  405
305  505
305  605
306  307
306  308
306  309
306  310
306  311
306  316
306  321
306  331
306  356
306  381
306  406
306  506
306  606
307  308
307  309
307  310
307  312
307  317
307  322
307  332
307  357
307  382
307  407
307  507
307  607
308  309
308  310
308  313
308  318
308  323
308  333
308  358
308  383
308  408
308  508
308  608
309  310
309  314
309  319
309  324
309  334
309  359
309  384
309  409
309  509
309  609
310  315
310  320
310  325
310  335
310  360
310  385
310  410
310  510
310  610
311  312
311  313
311  314
311  315
311  316
311  321
311  336
311  361
311  386
311  411
311  511
311  611
312  313
312  314
312  315
312  317
312  322
312  337
312  362
312  387
312  412
312  512
312  612
313  314
313  315
313  318
313  323
313  338
313  363
313  388
313  413
313  513
313  613
314  315
314  319
314  324
314  339
314  364
314  389
314  414
314  514
314  614
315  320
315  325
315  340
315  365
315  390
315  415
315  515
315  615
316  317
316  318
316  319
316  320
316  321
316  341
316  366
316  391
316  416
316  516
316  616
317  318
317  319
317  320
317  322
317  342
317  367
317  392
317  417
317  517
317  617
318  319
318  320
318  323
318  343
318  368
318  393
318  418
318  518
318  618
319  320
319  324
319  344
319  369
319  394
319  419
319  519
319  619
320  325
320  345
320  370
320  395
320  420
320  520
320  620
321  322
321  323
321  324
321  325
321  346
321  371
321  396
321  421
321  521
321  621
322  323
322  324
322  325
322  347
322  372
322  397
322  422
322  522
322  622
323  324
323  325
323  348
323  373
323  398
323  423
323  523
323  623
324  325
324  349
324  374
324  399
324  424
324  524
324  624
325  350
325  375
325  400
325  425
325  525
325  625
326  327
326  328
326  329
326  330
326  331
326  336
326  341
326  346
326  351
326  376
326  426
326  526
326  626
327  328
327  329
327  330
327  332
327  337
327  342
327  347
327  352
327  377
327  427
327  527
327  627
328  329
328  330
328  333
328  338
328  343
328  348
328  353
328  378
328  428
328  528
328  628
329  330
329  334
329  339
329  344
329  349
329  354
329  379
329  429
329  529
329  629
330  335
330  340
330  345
330  350
330  355
330  380
330  430
330  530
330  630
331  332
331  333
331  334
331  335
331  336
331  341
331  346
331  356
331  381
331  431
331  531
331  631
332  333
332  334
332  335
332  337
332  342
332  347
332  357
332  382
332  432
332  532
332  632
333  334
333  335
333  338
333  343
333  348
333  358
333  383
333  433
333  533
333  633
334  335
334  339
334  344
334  349
334  359
334  384
334  434
334  534
334  634
335  340
335  345
335  350
335  360
335  385
335  435
335  535
335  635
336  337
336  338
336  339
336  340
336  341
336  346
336  361
336  386
336  436
336  536
336  636
337  338
337  339
337  340
337  342
337  347
337  362
337  387
337  437
337  537
337  637
338  339
338  340
338  343
338  348
338  363
338  388
338  438
338  538
338  638
339  340
339  344
339  349
339  364
339  389
339  439
339  539
339  639
340  345
340  350
340  365
340  390
340  440
340  540
340  640
341  342
341  343
341  344
341  345
341  346
341  366
341  391
341  441
341  541
341  641
342  343
342  344
342  345
342  347
342  367
342  392
342  442
342  542
342  642
343  344
343  345
343  348
343  368
343  393
343  443
343  543
343  643
344  345
344  349
344  369
344  394
344  444
344  544
344  644
345  350
345  370
345  395
345  445
345  545
345  645
346  347
346  348
346  349
346  350
346  371
346  396
346  446
346  546
346  646
347  348
347  349
347  350
347  372
347  397
347  447
347  547
347  647
348  349
348  350
348  373
348  398
348  448
348  548
348  648
349  350
349  374
349  399
349  449
349  549
349  649
350  375
350  400
350  450
350  550
350  650
351  352
351  353
351  354
351  355
351  356
351  361
351  366
351  371
351  376
351  451
351  551
351  651
352  353
352  354
352  355
352  357
352  362
352  367
352  372
352  377
352  452
352  552
352  652
353  354
353  355
353  358
353  363
353  368
353  373
353  378
353  453
353  553
353  653
354  355
354  359
354  364
354  369
354  374
354  379
354  454
354  554
354  654
355  360
355  365
355  370
355  375
355  380
355  455
355  555
355  655
356  357
356  358
356  359
356  360
356  361
356  366
356  371
356  381
356  456
356  556
356  656
357  358
357  359
357  360
357  362
357  367
357  372
357  382
357  457
357  557
357  657
358  359
358  360
358  363
358  368
358  373
358  383
358  458
358  558
358  658
359  360
359  364
359  369
359  374
359  384
359  459
359  559
359  659
360  365
360  370
360  375
360  385
360  460
360  560
360  660
361  362
361  363
361  364
361  365
361  366
361  371
361  386
361  461
361  561
361  661
362  363
362  364
362  365
362  367
362  372
362  387
362  462
362  562
362  662
363  364
363  365
363  368
363  373
363  388
363  463
363  563
363  663
364  365
364  369
364  374
364  389
364  464
364  564
364  664
365  370
365  375
365  390
365  465
365  565
365  665
366  367
366  368
366  369
366  370
366  371
366  391
366  466
366  566
366  666
367  368
367  369
367  370
367  372
367  392
367  467
367  567
367  667
368  369
368  370
368  373
368  393
368  468
368  568
368  668
369  370
369  374
369  394
369  469
369  569
369  669
370  375
370  395
370  470
370  570
370  670
371  372
371  373
371  374
371  375
371  396
371  471
371  571
371  671
372  373
372  374
372  375
372  397
372  472
372  572
372  672
373  374
373  375
373  398
373  473
373  573
373  673
374  375
374  399
374  474
374  574
374  674
375  400
375  475
375  575
375  675
376  377
376  378
376  379
376  380
376  381
376  386
376  391
376  396
376  476
376  576
376  676
377  378
377  379
377  380
377  382
377  387
377  392
377  397
377  477
377  577
377  677
378  379
378  380
378  383
378  388
378  393
378  398
378  478
378  578
378  678
379  380
379  384
379  389
379  394
379  399
379  479
379  579
379  679
380  385
380  390
380  395
380  400
380  480
380  580
380  680
381  382
381  383
381  384
381  385
381  386
381  391
381  396
381  481
381  581
381  681
382  383
382  384
382  385
382  387
382  392
382  397
382  482
382  582
382  682
383  384
383  385
383  388
383  393
383  398
383  483
383  583
383  683
384  385
384  389
384  394
384  399
384  484
384  584
384  684
385  390
385  395
385  400
385  485
385  585
385  685
386  387
386  388
386  389
386  390
386  391
386  396
386  486
386  586
386  686
387  388
387  389
387  390
387  392
387  397
387  487
387  587
387  687
388  389
388  390
388  393
388  398
388  488
388  588
388  688
389  390
389  394
389  399
389  489
389  589
389  689
390  395
390  400
390  490
390  590
390  690
391  392
391  393
391  394
391  395
391  396
391  491
391  591
391  691
392  393
392  394
392  395
392  397
392  492
392  592
392  692
393  394
393  395
393  398
393  493
393  593
393  693
394  395
394  399
394  494
394  594
394  694
395  400
395  495
395  595
395  695
396  397
396  398
396  399
396  400
396  496
396  596
396  696
397  398
397  399
397  400
397  497
397  597
397  697
398  399
398  400
398  498
398  598
398  698
399  400
399  499
399  599
399  699
400  500
400  600
400  700
401  402
401  403
401  404
401  405
401  406
401  411
401  416
401  421
401  426
401  451
401  476
401  501
401  701
402  403
402  404
402  405
402  407
402  412
402  417
402  422
402  427
402  452
402  477
402  502
402  702
403  404
403  405
403  408
403  413
403  418
403  423
403  428
403  453
403  478
403  503
403  703
404  405
404  409
404  414
404  419
404  424
404  429
404  454
404  479
404  504
404  704
405  410
405  415
405  420
405  425
405  430
405  455
405  480
405  505
405  705
406  407
406  408
406  409
406  410
406  411
406  416
406  421
406  431
406  456
406  481
406  506
406  706
407  408
407  409
407  410
407  412
407  417
407  422
407  432
407  457
407  482
407  507
407  707
408  409
408  410
408  413
408  418
408  423
408  433
408  458
408  483
408  508
408  708
409  410
409  414
409  419
409  424
409  434
409  459
409  484
409  509
409  709
410  415
410  420
410  425
410  435
410  460
410  485
410  510
410  710
411  412
411  413
411  414
411  415
411  416
411  421
411  436
411  461
411  486
411  511
411  711
412  413
412  414
412  415
412  417
412  422
412  437
412  462
412  487
412  512
412  712
413  414
413  415
413  418
413  423
413  438
413  463
413  488
413  513
413  713
414  415
414  419
414  424
414  439
414  464
414  489
414  514
414  714
415  420
415  425
415  440
415  465
415  490
415  515
415  715
416  417
416  418
416  419
416  420
416  421
416  441
416  466
416  491
416  516
416  716
417  418
417  419
417  420
417  422
417  442
417  467
417  492
417  517
417  717
418  419
418  420
418  423
418  443
418  468
418  493
418  518
418  718
419  420
419  424
419  444
419  469
419  494
419  519
419  719
420  425
420  445
420  470
420  495
420  520
420  720
421  422
421  423
421  424
421  425
421  446
421  471
421  496
421  521
421  721
422  423
422  424
422  425
422  447
422  472
422  497
422  522
422  722
423  424
423  425
423  448
423  473
423  498
423  523
423  723
424  425
424  449
424  474
424  499
424  524
424  724
425  450
425  475
425  500
425  525
425  725
426  427
426  428
426  429
426  430
426  431
426  436
426  441
426  446
426  451
426  476
426  526
426  726
427  428
427  429
427  430
427  432
427  437
427  442
427  447
427  452
427  477
427  527
427  727
428  429
428  430
428  433
428  438
428  443
428  448
428  453
428  478
428  528
428  728
429  430
429  434
429  439
429  444
429  449
429  454
429  479
429  529
429  729
430  435
430  440
430  445
430  450
430  455
430  480
430  530
430  730
431  432
431  433
431  434
431  435
431  436
431  441
431  446
431  456
431  481
431  531
431  731
432  433
432  434
432  435
432  437
432  442
432  447
432  457
432  482
432  532
432  732
433  434
433  435
433  438
433  443
433  448
433  458
433  483
433  533
433  733
434  435
434  439
434  444
434  449
434  459
434  484
434  534
434  734
435  440
435  445
435  450
435  460
435  485
435  535
435  735
436  437
436  438
436  439
436  440
436  441
436  446
436  461
436  486
436  536
436  736
437  438
437  439
437  440
437  442
437  447
437  462
437  487
437  537
437  737
438  439
438  440
438  443
438  448
438  463
438  488
438  538
438  738
439  440
439  444
439  449
439  464
439  489
439  539
439  739
440  445
440  450
440  465
440  490
440  540
440  740
441  442
441  443
441  444
441  445
441  446
441  466
441  491
441  541
441  741
442  443
442  444
442  445
442  447
442  467
442  492
442  542
442  742
443  444
443  445
443  448
443  468
443  493
443  543
443  743
444  445
444  449
444  469
444  494
444  544
444  744
445  450
445  470
445  495
445  545
445  745
446  447
446  448
446  449
446  450
446  471
446  496
446  546
446  746
447  448
447  449
447  450
447  472
447  497
447  547
447  747
448  449
448  450
448  473
448  498
448  548
448  748
449  450
449  474
449  499
449  549
449  749
450  475
450  500
450  550
450  750
451  452
451  453
451  454
451  455
451  456
451  461
451  466
451  471
451  476
451  551
451  751
452  453
452  454
452  455
452  457
452  462
452  467
452  472
452  477
452  552
452  752
453  454
453  455
453  458
453  463
453  468
453  473
453  478
453  553
453  753
454  455
454  459
454  464
454  469
454  474
454  479
454  554
454  754
455  460
455  465
455  470
455  475
455  480
455  555
455  755
456  457
456  458
456  459
456  460
456  461
456  466
456  471
456  481
456  556
456  756
457  458
457  459
457  460
457  462
457  467
457  472
457  482
457  557
457  757
458  459
458  460
458  463
458  468
458  473
458  483
458  558
458  758
459  460
459  464
459  469
459  474
459  484
459  559
459  759
460  465
460  470
460  475
460  485
460  560
460  760
461  462
461  463
461  464
461  465
461  466
461  471
461  486
461  561
461  761
462  463
462  464
462  465
462  467
462  472
462  487
462  562
462  762
463  464
463  465
463  468
463  473
463  488
463  563
463  763
464  465
464  469
464  474
464  489
464  564
464  764
465  470
465  475
465  490
465  565
465  765
466  467
466  468
466  469
466  470
466  471
466  491
466  566
466  766
467  468
467  469
467  470
467  472
467  492
467  567
467  767
468  469
468  470
468  473
468  493
468  568
468  768
469  470
469  474
469  494
469  569
469  769
470  475
470  495
470  570
470  770
471  472
471  473
471  474
471  475
471  496
471  571
471  771
472  473
472  474
472  475
472  497
472  572
472  772
473  474
473  475
473  498
473  573
473  773
474  475
474  499
474  574
474  774
475  500
475  575
475  775
476  477
476  478
476  479
476  480
476  481
476  486
476  491
476  496
476  576
476  776
477  478
477  479
477  480
477  482
477  487
477  492
477  497
477  577
477  777
478  479
478  480
478  483
478  488
478  493
478  498
478  578
478  778
479  480
479  484
479  489
479  494
479  499
479  579
479  779
480  485
480  490
480  495
480  500
480  580
480  780
481  482
481  483
481  484
481  485
481  486
481  491
481  496
481  581
481  781
482  483
482  484
482  485
482  487
482  492
482  497
482  582
482  782
483  484
483  485
483  488
483  493
483  498
483  583
483  783
484  485
484  489
484  494
484  499
484  584
484  784
485  490
485  495
485  500
485  585
485  785
486  487
486  488
486  489
486  490
486  491
486  496
486  586
486  786
487  488
487  489
487  490
487  492
487  497
487  587
487  787
488  489
488  490
488  493
488  498
488  588
488  788
489  490
489  494
489  499
489  589
489  789
490  495
490  500
490  590
490  790
491  492
491  493
491  494
491  495
491  496
491  591
491  791
492  493
492  494
492  495
492  497
492  592
492  792
493  494
493  495
493  498
493  593
493  793
494  495
494  499
494  594
494  794
495  500
495  595
495  795
496  497
496  498
496  499
496  500
496  596
496  796
497  498
497  499
497  500
497  597
497  797
498  499
498  500
498  598
498  798
499  500
499  599
499  799
500  600
500  800
501  502
501  503
501  504
501  505
501  506
501  511
501  516
501  521
501  526
501  551
501  576
501  801
502  503
502  504
502  505
502  507
502  512
502  517
502  522
502  527
502  552
502  577
502  802
503  504
503  505
503  508
503  513
503  518
503  523
503  528
503  553
503  578
503  803
504  505
504  509
504  514
504  519
504  524
504  529
504  554
504  579
504  804
505  510
505  515
505  520
505  525
505  530
505  555
505  580
505  805
506  507
506  508
506  509
506  510
506  511
506  516
506  521
506  531
506  556
506  581
506  806
507  508
507  509
507  510
507  512
507  517
507  522
507  532
507  557
507  582
507  807
508  509
508  510
508  513
508  518
508  523
508  533
508  558
508  583
508  808
509  510
509  514
509  519
509  524
509  534
509  559
509  584
509  809
510  515
510  520
510  525
510  535
510  560
510  585
510  810
511  512
511  513
511  514
511  515
511  516
511  521
511  536
511  561
511  586
511  811
512  513
512  514
512  515
512  517
512  522
512  537
512  562
512  587
512  812
513  514
513  515
513  518
513  523
513  538
513  563
513  588
513  813
514  515
514  519
514  524
514  539
514  564
514  589
514  814
515  520
515  525
515  540
515  565
515  590
515  815
516  517
516  518
516  519
516  520
516  521
516  541
516  566
516  591
516  816
517  518
517  519
517  520
517  522
517  542
517  567
517  592
517  817
518  519
518  520
518  523
518  543
518  568
518  593
518  818
519  520
519  524
519  544
519  569
519  594
519  819
520  525
520  545
520  570
520  595
520  820
521  522
521  523
521  524
521  525
521  546
521  571
521  596
521  821
522  523
522  524
522  525
522  547
522  572
522  597
522  822
523  524
523  525
523  548
523  573
523  598
523  823
524  525
524  549
524  574
524  599
524  824
525  550
525  575
525  600
525  825
526  527
526  528
526  529
526  530
526  531
526  536
526  541
526  546
526  551
526  576
526  826
527  528
527  529
527  530
527  532
527  537
527  542
527  547
527  552
527  577
527  827
528  529
528  530
528  533
528  538
528  543
528  548
528  553
528  578
528  828
529  530
529  534
529  539
529  544
529  549
529  554
529  579
529  829
530  535
530  540
530  545
530  550
530  555
530  580
530  830
531  532
531  533
531  534
531  535
531  536
531  541
531  546
531  556
531  581
531  831
532  533
532  534
532  535
532  537
532  542
532  547
532  557
532  582
532  832
533  534
533  535
533  538
533  543
533  548
533  558
533  583
533  833
534  535
534  539
534  544
534  549
534  559
534  584
534  834
535  540
535  545
535  550
535  560
535  585
535  835
536  537
536  538
536  539
536  540
536  541
536  546
536  561
536  586
536  836
537  538
537  539
537  540
537  542
537  547
537  562
537  587
537  837
538  539
538  540
538  543
538  548
538  563
538  588
538  838
539  540
539  544
539  549
539  564
539  589
539  839
540  545
540  550
540  565
540  590
540  840
541  542
541  543
541  544
541  545
541  546
541  566
541  591
541  841
542  543
542  544
542  545
542  547
542  567
542  592
542  842
543  544
543  545
543  548
543  568
543  593
543  843
544  545
544  549
544  569
544  594
544  844
545  550
545  570
545  595
545  845
546  547
546  548
546  549
546  550
546  571
546  596
546  846
547  548
547  549
547  550
547  572
547  597
547  847
548  549
548  550
548  573
548  598
548  848
549  550
549  574
549  599
549  849
550  575
550  600
550  850
551  552
551  553
551  554
551  555
551  556
551  561
551  566
551  571
551  576
551  851
552  553
552  554
552  555
552  557
552  562
552  567
552  572
552  577
552  852
553  554
553  555
553  558
553  563
553  568
553  573
553  578
553  853
554  555
554  559
554  564
554  569
554  574
554  579
554  854
555  560
555  565
555  570
555  575
555  580
555  855
556  557
556  558
556  559
556  560
556  561
556  566
556  571
556  581
556  856
557  558
557  559
557  560
557  562
557  567
557  572
557  582
557  857
558  559
558  560
558  563
558  568
558  573
558  583
558  858
559  560
559  564
559  569
559  574
559  584
559  859
560  565
560  570
560  575
560  585
560  860
561  562
561  563
561  564
561  565
561  566
561  571
561  586
561  861
562  563
562  564
562  565
562  567
562  572
562  587
562  862
563  564
563  565
563  568
563  573
563  588
563  863
564  565
564  569
564  574
564  589
564  864
565  570
565  575
565  590
565  865
566  567
566  568
566  569
566  570
566  571
566  591
566  866
567  568
567  569
567  570
567  572
567  592
567  867
568  569
568  570
568  573
568  593
568  868
569  570
569  574
569  594
569  869
570  575
570  595
570  870
571  572
571  573
571  574
571  575
571  596
571  871
572  573
572  574
572  575
572  597
572  872
573  574
573  575
573  598
573  873
574  575
574  599
574  874
575  600
575  875
576  577
576  578
576  579
576  580
576  581
576  586
576  591
576  596
576  876
577  578
577  579
577  580
577  582
577  587
577  592
577  597
577  877
578  579
578  580
578  583
578  588
578  593
578  598
578  878
579  580
579  584
579  589
579  594
579  599
579  879
580  585
580  590
580  595
580  600
580  880
581  582
581  583
581  584
581  585
581  586
581  591
581  596
581  881
582  583
582  584
582  585
582  587
582  592
582  597
582  882
583  584
583  585
583  588
583  593
583  598
583  883
584  585
584  589
584  594
584  599
584  884
585  590
585  595
585  600
585  885
586  587
586  588
586  589
586  590
586  591
586  596
586  886
587  588
587  589
587  590
587  592
587  597
587  887
588  589
588  590
588  593
588  598
588  888
589  590
589  594
589  599
589  889
590  595
590  600
590  890
591  592
591  593
591  594
591  595
591  596
591  891
592  593
592  594
592  595
592  597
592  892
593  594
593  595
593  598
593  893
594  595
594  599
594  894
595  600
595  895
596  597
596  598
596  599
596  600
596  896
597  598
597  599
597  600
597  897
598  599
598  600
598  898
599  600
599  899
600  900
601  602
601  603
601  604
601  605
601  606
601  611
601  616
601  621
601  626
601  651
601  676
601  701
601  801
602  603
602  604
602  605
602  607
602  612
602  617
602  622
602  627
602  652
602  677
602  702
602  802
603  604
603  605
603  608
603  613
603  618
603  623
603  628
603  653
603  678
603  703
603  803
604  605
604  609
604  614
604  619
604  624
604  629
604  654
604  679
604  704
604  804
605  610
605  615
605  620
605  625
605  630
605  655
605  680
605  705
605  805
606  607
606  608
606  609
606  610
606  611
606  616
606  621
606  631
606  656
606  681
606  706
606  806
607  608
607  609
607  610
607  612
607  617
607  622
607  632
607  657
607  682
607  707
607  807
608  609
608  610
608  613
608  618
608  623
608  633
608  658
608  683
608  708
608  808
609  610
609  614
609  619
609  624
609  634
609  659
609  684
609  709
609  809
610  615
610  620
610  625
610  635
610  660
610  685
610  710
610  810
611  612
611  613
611  614
611  615
611  616
611  621
611  636
611  661
611  686
611  711
611  811
612  613
612  614
612  615
612  617
612  622
612  637
612  662
612  687
612  712
612  812
613  614
613  615
613  618
613  623
613  638
613  663
613  688
613  713
613  813
614  615
614  619
614  624
614  639
614  664
614  689
614  714
614  814
615  620
615  625
615  640
615  665
615  690
615  715
615  815
616  617
616  618
616  619
616  620
616  621
616  641
616  666
616  691
616  716
616  816
617  618
617  619
617  620
617  622
617  642
617  667
617  692
617  717
617  817
618  619
618  620
618  623
618  643
618  668
618  693
618  718
618  818
619  620
619  624
619  644
619  669
619  694
619  719
619  819
620  625
620  645
620  670
620  695
620  720
620  820
621  622
621  623
621  624
621  625
621  646
621  671
621  696
621  721
621  821
622  623
622  624
622  625
622  647
622  672
622  697
622  722
622  822
623  624
623  625
623  648
623  673
623  698
623  723
623  823
624  625
624  649
624  674
624  699
624  724
624  824
625  650
625  675
625  700
625  725
625  825
626  627
626  628
626  629
626  630
626  631
626  636
626  641
626  646
626  651
626  676
626  726
626  826
627  628
627  629
627  630
627  632
627  637
627  642
627  647
627  652
627  677
627  727
627  827
628  629
628  630
628  633
628  638
628  643
628  648
628  653
628  678
628  728
628  828
629  630
629  634
629  639
629  644
629  649
629  654
629  679
629  729
629  829
630  635
630  640
630  645
630  650
630  655
630  680
630  730
630  830
631  632
631  633
631  634
631  635
631  636
631  641
631  646
631  656
631  681
631  731
631  831
632  633
632  634
632  635
632  637
632  642
632  647
632  657
632  682
632  732
632  832
633  634
633  635
633  638
633  643
633  648
633  658
633  683
633  733
633  833
634  635
634  639
634  644
634  649
634  659
634  684
634  734
634  834
635  640
635  645
635  650
635  660
635  685
635  735
635  835
636  637
636  638
636  639
636  640
636  641
636  646
636  661
636  686
636  736
636  836
637  638
637  639
637  640
637  642
637  647
637  662
637  687
637  737
637  837
638  639
638  640
638  643
638  648
638  663
638  688
638  738
638  838
639  640
639  644
639  649
639  664
639  689
639  739
639  839
640  645
640  650
640  665
640  690
640  740
640  840
641  642
641  643
641  644
641  645
641  646
641  666
641  691
641  741
641  841
642  643
642  644
642  645
642  647
642  667
642  692
642  742
642  842
643  644
643  645
643  648
643  668
643  693
643  743
643  843
644  645
644  649
644  669
644  694
644  744
644  844
645  650
645  670
645  695
645  745
645  845
646  647
646  648
646  649
646  650
646  671
646  696
646  746
646  846
647  648
647  649
647  650
647  672
647  697
647  747
647  847
648  649
648  650
648  673
648  698
648  748
648  848
649  650
649  674
649  699
649  749
649  849
650  675
650  700
650  750
650  850
651  652
651  653
651  654
651  655
651  656
651  661
651  666
651  671
651  676
651  751
651  851
652  653
652  654
652  655
652  657
652  662
652  667
652  672
652  677
652  752
652  852
653  654
653  655
653  658
653  663
653  668
653  673
653  678
653  753
653  853
654  655
654  659
654  664
654  669
654  674
654  679
654  754
654  854
655  660
655  665
655  670
655  675
655  680
655  755
655  855
656  657
656  658
656  659
656  660
656  661
656  666
656  671
656  681
656  756
656  856
657  658
657  659
657  660
657  662
657  667
657  672
657  682
657  757
657  857
658  659
658  660
658  663
658  668
658  673
658  683
658  758
658  858
659  660
659  664
659  669
659  674
659  684
659  759
659  859
660  665
660  670
660  675
660  685
660  760
660  860
661  662
661  663
661  664
661  665
661  666
661  671
661  686
661  761
661  861
662  663
662  664
662  665
662  667
662  672
662  687
662  762
662  862
663  664
663  665
663  668
663  673
663  688
663  763
663  863
664  665
664  669
664  674
664  689
664  764
664  864
665  670
665  675
665  690
665  765
665  865
666  667
666  668
666  669
666  670
666  671
666  691
666  766
666  866
667  668
667  669
667  670
667  672
667  692
667  767
667  867
668  669
668  670
668  673
668  693
668  768
668  868
669  670
669  674
669  694
669  769
669  869
670  675
670  695
670  770
670  870
671  672
671  673
671  674
671  675
671  696
671  771
671  871
672  673
672  674
672  675
672  697
672  772
672  872
673  674
673  675
673  698
673  773
673  873
674  675
674  699
674  774
674  874
675  700
675  775
675  875
676  677
676  678
676  679
676  680
676  681
676  686
676  691
676  696
676  776
676  876
677  678
677  679
677  680
677  682
677  687
677  692
677  697
677  777
677  877
678  679
678  680
678  683
678  688
678  693
678  698
678  778
678  878
679  680
679  684
679  689
679  694
679  699
679  779
679  879
680  685
680  690
680  695
680  700
680  780
680  880
681  682
681  683
681  684
681  685
681  686
681  691
681  696
681  781
681  881
682  683
682  684
682  685
682  687
682  692
682  697
682  782
682  882
683  684
683  685
683  688
683  693
683  698
683  783
683  883
684  685
684  689
684  694
684  699
684  784
684  884
685  690
685  695
685  700
685  785
685  885
686  687
686  688
686  689
686  690
686  691
686  696
686  786
686  886
687  688
687  689
687  690
687  692
687  697
687  787
687  887
688  689
688  690
688  693
688  698
688  788
688  888
689  690
689  694
689  699
689  789
689  889
690  695
690  700
690  790
690  890
691  692
691  693
691  694
691  695
691  696
691  791
691  891
692  693
692  694
692  695
692  697
692  792
692  892
693  694
693  695
693  698
693  793
693  893
694  695
694  699
694  794
694  894
695  700
695  795
695  895
696  697
696  698
696  699
696  700
696  796
696  896
697  698
697  699
697  700
697  797
697  897
698  699
698  700
698  798
698  898
699  700
699  799
699  899
700  800
700  900
701  702
701  703
701  704
701  705
701  706
701  711
701  716
701  721
701  726
701  751
701  776
701  801
702  703
702  704
702  705
702  707
702  712
702  717
702  722
702  727
702  752
702  777
702  802
703  704
703  705
703  708
703  713
703  718
703  723
703  728
703  753
703  778
703  803
704  705
704  709
704  714
704  719
704  724
704  729
704  754
704  779
704  804
705  710
705  715
705  720
705  725
705  730
705  755
705  780
705  805
706  707
706  708
706  709
706  710
706  711
706  716
706  721
706  731
706  756
706  781
706  806
707  708
707  709
707  710
707  712
707  717
707  722
707  732
707  757
707  782
707  807
708  709
708  710
708  713
708  718
708  723
708  733
708  758
708  783
708  808
709  710
709  714
709  719
709  724
709  734
709  759
709  784
709  809
710  715
710  720
710  725
710  735
710  760
710  785
710  810
711  712
711  713
711  714
711  715
711  716
711  721
711  736
711  761
711  786
711  811
712  713
712  714
712  715
712  717
712  722
712  737
712  762
712  787
712  812
713  714
713  715
713  718
713  723
713  738
713  763
713  788
713  813
714  715
714  719
714  724
714  739
714  764
714  789
714  814
715  720
715  725
715  740
715  765
715  790
715  815
716  717
716  718
716  719
716  720
716  721
716  741
716  766
716  791
716  816
717  718
717  719
717  720
717  722
717  742
717  767
717  792
717  817
718  719
718  720
718  723
718  743
718  768
718  793
718  818
719  720
719  724
719  744
719  769
719  794
719  819
720  725
720  745
720  770
720  795
720  820
721  722
721  723
721  724
721  725
721  746
721  771
721  796
721  821
722  723
722  724
722  725
722  747
722  772
722  797
722  822
723  724
723  725
723  748
723  773
723  798
723  823
724  725
724  749
724  774
724  799
724  824
725  750
725  775
725  800
725  825
726  727
726  728
726  729
726  730
726  731
726  736
726  741
726  746
726  751
726  776
726  826
727  728
727  729
727  730
727  732
727  737
727  742
727  747
727  752
727  777
727  827
728  729
728  730
728  733
728  738
728  743
728  748
728  753
728  778
728  828
729  730
729  734
729  739
729  744
729  749
729  754
729  779
729  829
730  735
730  740
730  745
730  750
730  755
730  780
730  830
731  732
731  733
731  734
731  735
731  736
731  741
731  746
731  756
731  781
731  831
732  733
732  734
732  735
732  737
732  742
732  747
732  757
732  782
732  832
733  734
733  735
733  738
733  743
733  748
733  758
733  783
733  833
734  735
734  739
734  744
734  749
734  759
734  784
734  834
735  740
735  745
735  750
735  760
735  785
735  835
736  737
736  738
736  739
736  740
736  741
736  746
736  761
736  786
736  836
737  738
737  739
737  740
737  742
737  747
737  762
737  787
737  837
738  739
738  740
738  743
738  748
738  763
738  788
738  838
739  740
739  744
739  749
739  764
739  789
739  839
740  745
740  750
740  765
740  790
740  840
741  742
741  743
741  744
741  745
741  746
741  766
741  791
741  841
742  743
742  744
742  745
742  747
742  767
742  792
742  842
743  744
743  745
743  748
743  768
743  793
743  843
744  745
744  749
744  769
744  794
744  844
745  750
745  770
745  795
745  845
746  747
746  748
746  749
746  750
746  771
746  796
746  846
747  748
747  749
747  750
747  772
747  797
747  847
748  749
748  750
748  773
748  798
748  848
749  750
749  774
749  799
749  849
750  775
750  800
750  850
751  752
751  753
751  754
751  755
751  756
751  761
751  766
751  771
751  776
751  851
752  753
752  754
752  755
752  757
752  762
752  767
752  772
752  777
752  852
753  754
753  755
753  758
753  763
753  768
753  773
753  778
753  853
754  755
754  759
754  764
754  769
754  774
754  779
754  854
755  760
755  765
755  770
755  775
755  780
755  855
756  757
756  758
756  759
756  760
756  761
756  766
756  771
756  781
756  856
757  758
757  759
757  760
757  762
757  767
757  772
757  782
757  857
758  759
758  760
758  763
758  768
758  773
758  783
758  858
759  760
759  764
759  769
759  774
759  784
759  859
760  765
760  770
760  775
760  785
760  860
761  762
761  763
761  764
761  765
761  766
761  771
761  786
761  861
762  763
762  764
762  765
762  767
762  772
762  787
762  862
763  764
763  765
763  768
763  773
763  788
763  863
764  765
764  769
764  774
764  789
764  864
765  770
765  775
765  790
765  865
766  767
766  768
766  769
766  770
766  771
766  791
766  866
767  768
767  769
767  770
767  772
767  792
767  867
768  769
768  770
768  773
768  793
768  868
769  770
769  774
769  794
769  869
770  775
770  795
770  870
771  772
771  773
771  774
771  775
771  796
771  871
772  773
772  774
772  775
772  797
772  872
773  774
773  775
773  798
773  873
774  775
774  799
774  874
775  800
775  875
776  777
776  778
776  779
776  780
776  781
776  786
776  791
776  796
776  876
777  778
777  779
777  780
777  782
777  787
777  792
777  797
777  877
778  779
778  780
778  783
778  788
778  793
778  798
778  878
779  780
779  784
779  789
779  794
779  799
779  879
780  785
780  790
780  795
780  800
780  880
781  782
781  783
781  784
781  785
781  786
781  791
781  796
781  881
782  783
782  784
782  785
782  787
782  792
782  797
782  882
783  784
783  785
783  788
783  793
783  798
783  883
784  785
784  789
784  794
784  799
784  884
785  790
785  795
785  800
785  885
786  787
786  788
786  789
786  790
786  791
786  796
786  886
787  788
787  789
787  790
787  792
787  797
787  887
788  789
788  790
788  793
788  798
788  888
789  790
789  794
789  799
789  889
790  795
790  800
790  890
791  792
791  793
791  794
791  795
791  796
791  891
792  793
792  794
792  795
792  797
792  892
793  794
793  795
793  798
793  893
794  795
794  799
794  894
795  800
795  895
796  797
796  798
796  799
796  800
796  896
797  798
797  799
797  800
797  897
798  799
798  800
798  898
799  800
799  899
800  900
801  802
801  803
801  804
801  805
801  806
801  811
801  816
801  821
801  826
801  851
801  876
802  803
802  804
802  805
802  807
802  812
802  817
802  822
802  827
802  852
802  877
803  804
803  805
803  808
803  813
803  818
803  823
803  828
803  853
803  878
804  805
804  809
804  814
804  819
804  824
804  829
804  854
804  879
805  810
805  815
805  820
805  825
805  830
805  855
805  880
806  807
806  808
806  809
806  810
806  811
806  816
806  821
806  831
806  856
806  881
807  808
807  809
807  810
807  812
807  817
807  822
807  832
807  857
807  882
808  809
808  810
808  813
808  818
808  823
808  833
808  858
808  883
809  810
809  814
809  819
809  824
809  834
809  859
809  884
810  815
810  820
810  825
810  835
810  860
810  885
811  812
811  813
811  814
811  815
811  816
811  821
811  836
811  861
811  886
812  813
812  814
812  815
812  817
812  822
812  837
812  862
812  887
813  814
813  815
813  818
813  823
813  838
813  863
813  888
814  815
814  819
814  824
814  839
814  864
814  889
815  820
815  825
815  840
815  865
815  890
816  817
816  818
816  819
816  820
816  821
816  841
816  866
816  891
817  818
817  819
817  820
817  822
817  842
817  867
817  892
818  819
818  820
818  823
818  843
818  868
818  893
819  820
819  824
819  844
819  869
819  894
820  825
820  845
820  870
820  895
821  822
821  823
821  824
821  825
821  846
821  871
821  896
822  823
822  824
822  825
822  847
822  872
822  897
823  824
823  825
823  848
823  873
823  898
824  825
824  849
824  874
824  899
825  850
825  875
825  900
826  827
826  828
826  829
826  830
826  831
826  836
826  841
826  846
826  851
826  876
827  828
827  829
827  830
827  832
827  837
827  842
827  847
827  852
827  877
828  829
828  830
828  833
828  838
828  843
828  848
828  853
828  878
829  830
829  834
829  839
829  844
829  849
829  854
829  879
830  835
830  840
830  845
830  850
830  855
830  880
831  832
831  833
831  834
831  835
831  836
831  841
831  846
831  856
831  881
832  833
832  834
832  835
832  837
832  842
832  847
832  857
832  882
833  834
833  835
833  838
833  843
833  848
833  858
833  883
834  835
834  839
834  844
834  849
834  859
834  884
835  840
835  845
835  850
835  860
835  885
836  837
836  838
836  839
836  840
836  841
836  846
836  861
836  886
837  838
837  839
837  840
837  842
837  847
837  862
837  887
838  839
838  840
838  843
838  848
838  863
838  888
839  840
839  844
839  849
839  864
839  889
840  845
840  850
840  865
840  890
841  842
841  843
841  844
841  845
841  846
841  866
841  891
842  843
842  844
842  845
842  847
842  867
842  892
843  844
843  845
843  848
843  868
843  893
844  845
844  849
844  869
844  894
845  850
845  870
845  895
846  847
846  848
846  849
846  850
846  871
846  896
847  848
847  849
847  850
847  872
847  897
848  849
848  850
848  873
848  898
849  850
849  874
849  899
850  875
850  900
851  852
851  853
851  854
851  855
851  856
851  861
851  866
851  871
851  876
852  853
852  854
852  855
852  857
852  862
852  867
852  872
852  877
853  854
853  855
853  858
853  863
853  868
853  873
853  878
854  855
854  859
854  864
854  869
854  874
854  879
855  860
855  865
855  870
855  875
855  880
856  857
856  858
856  859
856  860
856  861
856  866
856  871
856  881
857  858
857  859
857  860
857  862
857  867
857  872
857  882
858  859
858  860
858  863
858  868
858  873
858  883
859  860
859  864
859  869
859  874
859  884
860  865
860  870
860  875
860  885
861  862
861  863
861  864
861  865
861  866
861  871
861  886
862  863
862  864
862  865
862  867
862  872
862  887
863  864
863  865
863  868
863  873
863  888
864  865
864  869
864  874
864  889
865  870
865  875
865  890
866  867
866  868
866  869
866  870
866  871
866  891
867  868
867  869
867  870
867  872
867  892
868  869
868  870
868  873
868  893
869  870
869  874
869  894
870  875
870  895
871  872
871  873
871  874
871  875
871  896
872  873
872  874
872  875
872  897
873  874
873  875
873  898
874  875
874  899
875  900
876  877
876  878
876  879
876  880
876  881
876  886
876  891
876  896
877  878
877  879
877  880
877  882
877  887
877  892
877  897
878  879
878  880
878  883
878  888
878  893
878  898
879  880
879  884
879  889
879  894
879  899
880  885
880  890
880  895
880  900
881  882
881  883
881  884
881  885
881  886
881  891
881  896
882  883
882  884
882  885
882  887
882  892
882  897
883  884
883  885
883  888
883  893
883  898
884  885
884  889
884  894
884  899
885  890
885  895
885  900
886  887
886  888
886  889
886  890
886  891
886  896
887  888
887  889
887  890
887  892
887  897
888  889
888  890
888  893
888  898
889  890
889  894
889  899
890  895
890  900
891  892
891  893
891  894
891  895
891  896
892  893
892  894
892  895
892  897
893  894
893  895
893  898
894  895
894  899
895  900
896  897
896  898
896  899
896  900
897  898
897  899
897  900
898  899
898  900
899  900
