Problem name: hamming3x4x4x4x6.txt 	 Optimal solution = 192
1152 1152 9216
1  2
1  3
1  4
1  5
1  6
1  7
1  13
1  19
1  25
1  49
1  73
1  97
1  193
1  289
1  385
1  769
2  3
2  4
2  5
2  6
2  8
2  14
2  20
2  26
2  50
2  74
2  98
2  194
2  290
2  386
2  770
3  4
3  5
3  6
3  9
3  15
3  21
3  27
3  51
3  75
3  99
3  195
3  291
3  387
3  771
4  5
4  6
4  10
4  16
4  22
4  28
4  52
4  76
4  100
4  196
4  292
4  388
4  772
5  6
5  11
5  17
5  23
5  29
5  53
5  77
5  101
5  197
5  293
5  389
5  773
6  12
6  18
6  24
6  30
6  54
6  78
6  102
6  198
6  294
6  390
6  774
7  8
7  9
7  10
7  11
7  12
7  13
7  19
7  31
7  55
7  79
7  103
7  199
7  295
7  391
7  775
8  9
8  10
8  11
8  12
8  14
8  20
8  32
8  56
8  80
8  104
8  200
8  296
8  392
8  776
9  10
9  11
9  12
9  15
9  21
9  33
9  57
9  81
9  105
9  201
9  297
9  393
9  777
10  11
10  12
10  16
10  22
10  34
10  58
10  82
10  106
10  202
10  298
10  394
10  778
11  12
11  17
11  23
11  35
11  59
11  83
11  107
11  203
11  299
11  395
11  779
12  18
12  24
12  36
12  60
12  84
12  108
12  204
12  300
12  396
12  780
13  14
13  15
13  16
13  17
13  18
13  19
13  37
13  61
13  85
13  109
13  205
13  301
13  397
13  781
14  15
14  16
14  17
14  18
14  20
14  38
14  62
14  86
14  110
14  206
14  302
14  398
14  782
15  16
15  17
15  18
15  21
15  39
15  63
15  87
15  111
15  207
15  303
15  399
15  783
16  17
16  18
16  22
16  40
16  64
16  88
16  112
16  208
16  304
16  400
16  784
17  18
17  23
17  41
17  65
17  89
17  113
17  209
17  305
17  401
17  785
18  24
18  42
18  66
18  90
18  114
18  210
18  306
18  402
18  786
19  20
19  21
19  22
19  23
19  24
19  43
19  67
19  91
19  115
19  211
19  307
19  403
19  787
20  21
20  22
20  23
20  24
20  44
20  68
20  92
20  116
20  212
20  308
20  404
20  788
21  22
21  23
21  24
21  45
21  69
21  93
21  117
21  213
21  309
21  405
21  789
22  23
22  24
22  46
22  70
22  94
22  118
22  214
22  310
22  406
22  790
23  24
23  47
23  71
23  95
23  119
23  215
23  311
23  407
23  791
24  48
24  72
24  96
24  120
24  216
24  312
24  408
24  792
25  26
25  27
25  28
25  29
25  30
25  31
25  37
25  43
25  49
25  73
25  121
25  217
25  313
25  409
25  793
26  27
26  28
26  29
26  30
26  32
26  38
26  44
26  50
26  74
26  122
26  218
26  314
26  410
26  794
27  28
27  29
27  30
27  33
27  39
27  45
27  51
27  75
27  123
27  219
27  315
27  411
27  795
28  29
28  30
28  34
28  40
28  46
28  52
28  76
28  124
28  220
28  316
28  412
28  796
29  30
29  35
29  41
29  47
29  53
29  77
29  125
29  221
29  317
29  413
29  797
30  36
30  42
30  48
30  54
30  78
30  126
30  222
30  318
30  414
30  798
31  32
31  33
31  34
31  35
31  36
31  37
31  43
31  55
31  79
31  127
31  223
31  319
31  415
31  799
32  33
32  34
32  35
32  36
32  38
32  44
32  56
32  80
32  128
32  224
32  320
32  416
32  800
33  34
33  35
33  36
33  39
33  45
33  57
33  81
33  129
33  225
33  321
33  417
33  801
34  35
34  36
34  40
34  46
34  58
34  82
34  130
34  226
34  322
34  418
34  802
35  36
35  41
35  47
35  59
35  83
35  131
35  227
35  323
35  419
35  803
36  42
36  48
36  60
36  84
36  132
36  228
36  324
36  420
36  804
37  38
37  39
37  40
37  41
37  42
37  43
37  61
37  85
37  133
37  229
37  325
37  421
37  805
38  39
38  40
38  41
38  42
38  44
38  62
38  86
38  134
38  230
38  326
38  422
38  806
39  40
39  41
39  42
39  45
39  63
39  87
39  135
39  231
39  327
39  423
39  807
40  41
40  42
40  46
40  64
40  88
40  136
40  232
40  328
40  424
40  808
41  42
41  47
41  65
41  89
41  137
41  233
41  329
41  425
41  809
42  48
42  66
42  90
42  138
42  234
42  330
42  426
42  810
43  44
43  45
43  46
43  47
43  48
43  67
43  91
43  139
43  235
43  331
43  427
43  811
44  45
44  46
44  47
44  48
44  68
44  92
44  140
44  236
44  332
44  428
44  812
45  46
45  47
45  48
45  69
45  93
45  141
45  237
45  333
45  429
45  813
46  47
46  48
46  70
46  94
46  142
46  238
46  334
46  430
46  814
47  48
47  71
47  95
47  143
47  239
47  335
47  431
47  815
48  72
48  96
48  144
48  240
48  336
48  432
48  816
49  50
49  51
49  52
49  53
49  54
49  55
49  61
49  67
49  73
49  145
49  241
49  337
49  433
49  817
50  51
50  52
50  53
50  54
50  56
50  62
50  68
50  74
50  146
50  242
50  338
50  434
50  818
51  52
51  53
51  54
51  57
51  63
51  69
51  75
51  147
51  243
51  339
51  435
51  819
52  53
52  54
52  58
52  64
52  70
52  76
52  148
52  244
52  340
52  436
52  820
53  54
53  59
53  65
53  71
53  77
53  149
53  245
53  341
53  437
53  821
54  60
54  66
54  72
54  78
54  150
54  246
54  342
54  438
54  822
55  56
55  57
55  58
55  59
55  60
55  61
55  67
55  79
55  151
55  247
55  343
55  439
55  823
56  57
56  58
56  59
56  60
56  62
56  68
56  80
56  152
56  248
56  344
56  440
56  824
57  58
57  59
57  60
57  63
57  69
57  81
57  153
57  249
57  345
57  441
57  825
58  59
58  60
58  64
58  70
58  82
58  154
58  250
58  346
58  442
58  826
59  60
59  65
59  71
59  83
59  155
59  251
59  347
59  443
59  827
60  66
60  72
60  84
60  156
60  252
60  348
60  444
60  828
61  62
61  63
61  64
61  65
61  66
61  67
61  85
61  157
61  253
61  349
61  445
61  829
62  63
62  64
62  65
62  66
62  68
62  86
62  158
62  254
62  350
62  446
62  830
63  64
63  65
63  66
63  69
63  87
63  159
63  255
63  351
63  447
63  831
64  65
64  66
64  70
64  88
64  160
64  256
64  352
64  448
64  832
65  66
65  71
65  89
65  161
65  257
65  353
65  449
65  833
66  72
66  90
66  162
66  258
66  354
66  450
66  834
67  68
67  69
67  70
67  71
67  72
67  91
67  163
67  259
67  355
67  451
67  835
68  69
68  70
68  71
68  72
68  92
68  164
68  260
68  356
68  452
68  836
69  70
69  71
69  72
69  93
69  165
69  261
69  357
69  453
69  837
70  71
70  72
70  94
70  166
70  262
70  358
70  454
70  838
71  72
71  95
71  167
71  263
71  359
71  455
71  839
72  96
72  168
72  264
72  360
72  456
72  840
73  74
73  75
73  76
73  77
73  78
73  79
73  85
73  91
73  169
73  265
73  361
73  457
73  841
74  75
74  76
74  77
74  78
74  80
74  86
74  92
74  170
74  266
74  362
74  458
74  842
75  76
75  77
75  78
75  81
75  87
75  93
75  171
75  267
75  363
75  459
75  843
76  77
76  78
76  82
76  88
76  94
76  172
76  268
76  364
76  460
76  844
77  78
77  83
77  89
77  95
77  173
77  269
77  365
77  461
77  845
78  84
78  90
78  96
78  174
78  270
78  366
78  462
78  846
79  80
79  81
79  82
79  83
79  84
79  85
79  91
79  175
79  271
79  367
79  463
79  847
80  81
80  82
80  83
80  84
80  86
80  92
80  176
80  272
80  368
80  464
80  848
81  82
81  83
81  84
81  87
81  93
81  177
81  273
81  369
81  465
81  849
82  83
82  84
82  88
82  94
82  178
82  274
82  370
82  466
82  850
83  84
83  89
83  95
83  179
83  275
83  371
83  467
83  851
84  90
84  96
84  180
84  276
84  372
84  468
84  852
85  86
85  87
85  88
85  89
85  90
85  91
85  181
85  277
85  373
85  469
85  853
86  87
86  88
86  89
86  90
86  92
86  182
86  278
86  374
86  470
86  854
87  88
87  89
87  90
87  93
87  183
87  279
87  375
87  471
87  855
88  89
88  90
88  94
88  184
88  280
88  376
88  472
88  856
89  90
89  95
89  185
89  281
89  377
89  473
89  857
90  96
90  186
90  282
90  378
90  474
90  858
91  92
91  93
91  94
91  95
91  96
91  187
91  283
91  379
91  475
91  859
92  93
92  94
92  95
92  96
92  188
92  284
92  380
92  476
92  860
93  94
93  95
93  96
93  189
93  285
93  381
93  477
93  861
94  95
94  96
94  190
94  286
94  382
94  478
94  862
95  96
95  191
95  287
95  383
95  479
95  863
96  192
96  288
96  384
96  480
96  864
97  98
97  99
97  100
97  101
97  102
97  103
97  109
97  115
97  121
97  145
97  169
97  193
97  289
97  481
97  865
98  99
98  100
98  101
98  102
98  104
98  110
98  116
98  122
98  146
98  170
98  194
98  290
98  482
98  866
99  100
99  101
99  102
99  105
99  111
99  117
99  123
99  147
99  171
99  195
99  291
99  483
99  867
100  101
100  102
100  106
100  112
100  118
100  124
100  148
100  172
100  196
100  292
100  484
100  868
101  102
101  107
101  113
101  119
101  125
101  149
101  173
101  197
101  293
101  485
101  869
102  108
102  114
102  120
102  126
102  150
102  174
102  198
102  294
102  486
102  870
103  104
103  105
103  106
103  107
103  108
103  109
103  115
103  127
103  151
103  175
103  199
103  295
103  487
103  871
104  105
104  106
104  107
104  108
104  110
104  116
104  128
104  152
104  176
104  200
104  296
104  488
104  872
105  106
105  107
105  108
105  111
105  117
105  129
105  153
105  177
105  201
105  297
105  489
105  873
106  107
106  108
106  112
106  118
106  130
106  154
106  178
106  202
106  298
106  490
106  874
107  108
107  113
107  119
107  131
107  155
107  179
107  203
107  299
107  491
107  875
108  114
108  120
108  132
108  156
108  180
108  204
108  300
108  492
108  876
109  110
109  111
109  112
109  113
109  114
109  115
109  133
109  157
109  181
109  205
109  301
109  493
109  877
110  111
110  112
110  113
110  114
110  116
110  134
110  158
110  182
110  206
110  302
110  494
110  878
111  112
111  113
111  114
111  117
111  135
111  159
111  183
111  207
111  303
111  495
111  879
112  113
112  114
112  118
112  136
112  160
112  184
112  208
112  304
112  496
112  880
113  114
113  119
113  137
113  161
113  185
113  209
113  305
113  497
113  881
114  120
114  138
114  162
114  186
114  210
114  306
114  498
114  882
115  116
115  117
115  118
115  119
115  120
115  139
115  163
115  187
115  211
115  307
115  499
115  883
116  117
116  118
116  119
116  120
116  140
116  164
116  188
116  212
116  308
116  500
116  884
117  118
117  119
117  120
117  141
117  165
117  189
117  213
117  309
117  501
117  885
118  119
118  120
118  142
118  166
118  190
118  214
118  310
118  502
118  886
119  120
119  143
119  167
119  191
119  215
119  311
119  503
119  887
120  144
120  168
120  192
120  216
120  312
120  504
120  888
121  122
121  123
121  124
121  125
121  126
121  127
121  133
121  139
121  145
121  169
121  217
121  313
121  505
121  889
122  123
122  124
122  125
122  126
122  128
122  134
122  140
122  146
122  170
122  218
122  314
122  506
122  890
123  124
123  125
123  126
123  129
123  135
123  141
123  147
123  171
123  219
123  315
123  507
123  891
124  125
124  126
124  130
124  136
124  142
124  148
124  172
124  220
124  316
124  508
124  892
125  126
125  131
125  137
125  143
125  149
125  173
125  221
125  317
125  509
125  893
126  132
126  138
126  144
126  150
126  174
126  222
126  318
126  510
126  894
127  128
127  129
127  130
127  131
127  132
127  133
127  139
127  151
127  175
127  223
127  319
127  511
127  895
128  129
128  130
128  131
128  132
128  134
128  140
128  152
128  176
128  224
128  320
128  512
128  896
129  130
129  131
129  132
129  135
129  141
129  153
129  177
129  225
129  321
129  513
129  897
130  131
130  132
130  136
130  142
130  154
130  178
130  226
130  322
130  514
130  898
131  132
131  137
131  143
131  155
131  179
131  227
131  323
131  515
131  899
132  138
132  144
132  156
132  180
132  228
132  324
132  516
132  900
133  134
133  135
133  136
133  137
133  138
133  139
133  157
133  181
133  229
133  325
133  517
133  901
134  135
134  136
134  137
134  138
134  140
134  158
134  182
134  230
134  326
134  518
134  902
135  136
135  137
135  138
135  141
135  159
135  183
135  231
135  327
135  519
135  903
136  137
136  138
136  142
136  160
136  184
136  232
136  328
136  520
136  904
137  138
137  143
137  161
137  185
137  233
137  329
137  521
137  905
138  144
138  162
138  186
138  234
138  330
138  522
138  906
139  140
139  141
139  142
139  143
139  144
139  163
139  187
139  235
139  331
139  523
139  907
140  141
140  142
140  143
140  144
140  164
140  188
140  236
140  332
140  524
140  908
141  142
141  143
141  144
141  165
141  189
141  237
141  333
141  525
141  909
142  143
142  144
142  166
142  190
142  238
142  334
142  526
142  910
143  144
143  167
143  191
143  239
143  335
143  527
143  911
144  168
144  192
144  240
144  336
144  528
144  912
145  146
145  147
145  148
145  149
145  150
145  151
145  157
145  163
145  169
145  241
145  337
145  529
145  913
146  147
146  148
146  149
146  150
146  152
146  158
146  164
146  170
146  242
146  338
146  530
146  914
147  148
147  149
147  150
147  153
147  159
147  165
147  171
147  243
147  339
147  531
147  915
148  149
148  150
148  154
148  160
148  166
148  172
148  244
148  340
148  532
148  916
149  150
149  155
149  161
149  167
149  173
149  245
149  341
149  533
149  917
150  156
150  162
150  168
150  174
150  246
150  342
150  534
150  918
151  152
151  153
151  154
151  155
151  156
151  157
151  163
151  175
151  247
151  343
151  535
151  919
152  153
152  154
152  155
152  156
152  158
152  164
152  176
152  248
152  344
152  536
152  920
153  154
153  155
153  156
153  159
153  165
153  177
153  249
153  345
153  537
153  921
154  155
154  156
154  160
154  166
154  178
154  250
154  346
154  538
154  922
155  156
155  161
155  167
155  179
155  251
155  347
155  539
155  923
156  162
156  168
156  180
156  252
156  348
156  540
156  924
157  158
157  159
157  160
157  161
157  162
157  163
157  181
157  253
157  349
157  541
157  925
158  159
158  160
158  161
158  162
158  164
158  182
158  254
158  350
158  542
158  926
159  160
159  161
159  162
159  165
159  183
159  255
159  351
159  543
159  927
160  161
160  162
160  166
160  184
160  256
160  352
160  544
160  928
161  162
161  167
161  185
161  257
161  353
161  545
161  929
162  168
162  186
162  258
162  354
162  546
162  930
163  164
163  165
163  166
163  167
163  168
163  187
163  259
163  355
163  547
163  931
164  165
164  166
164  167
164  168
164  188
164  260
164  356
164  548
164  932
165  166
165  167
165  168
165  189
165  261
165  357
165  549
165  933
166  167
166  168
166  190
166  262
166  358
166  550
166  934
167  168
167  191
167  263
167  359
167  551
167  935
168  192
168  264
168  360
168  552
168  936
169  170
169  171
169  172
169  173
169  174
169  175
169  181
169  187
169  265
169  361
169  553
169  937
170  171
170  172
170  173
170  174
170  176
170  182
170  188
170  266
170  362
170  554
170  938
171  172
171  173
171  174
171  177
171  183
171  189
171  267
171  363
171  555
171  939
172  173
172  174
172  178
172  184
172  190
172  268
172  364
172  556
172  940
173  174
173  179
173  185
173  191
173  269
173  365
173  557
173  941
174  180
174  186
174  192
174  270
174  366
174  558
174  942
175  176
175  177
175  178
175  179
175  180
175  181
175  187
175  271
175  367
175  559
175  943
176  177
176  178
176  179
176  180
176  182
176  188
176  272
176  368
176  560
176  944
177  178
177  179
177  180
177  183
177  189
177  273
177  369
177  561
177  945
178  179
178  180
178  184
178  190
178  274
178  370
178  562
178  946
179  180
179  185
179  191
179  275
179  371
179  563
179  947
180  186
180  192
180  276
180  372
180  564
180  948
181  182
181  183
181  184
181  185
181  186
181  187
181  277
181  373
181  565
181  949
182  183
182  184
182  185
182  186
182  188
182  278
182  374
182  566
182  950
183  184
183  185
183  186
183  189
183  279
183  375
183  567
183  951
184  185
184  186
184  190
184  280
184  376
184  568
184  952
185  186
185  191
185  281
185  377
185  569
185  953
186  192
186  282
186  378
186  570
186  954
187  188
187  189
187  190
187  191
187  192
187  283
187  379
187  571
187  955
188  189
188  190
188  191
188  192
188  284
188  380
188  572
188  956
189  190
189  191
189  192
189  285
189  381
189  573
189  957
190  191
190  192
190  286
190  382
190  574
190  958
191  192
191  287
191  383
191  575
191  959
192  288
192  384
192  576
192  960
193  194
193  195
193  196
193  197
193  198
193  199
193  205
193  211
193  217
193  241
193  265
193  289
193  577
193  961
194  195
194  196
194  197
194  198
194  200
194  206
194  212
194  218
194  242
194  266
194  290
194  578
194  962
195  196
195  197
195  198
195  201
195  207
195  213
195  219
195  243
195  267
195  291
195  579
195  963
196  197
196  198
196  202
196  208
196  214
196  220
196  244
196  268
196  292
196  580
196  964
197  198
197  203
197  209
197  215
197  221
197  245
197  269
197  293
197  581
197  965
198  204
198  210
198  216
198  222
198  246
198  270
198  294
198  582
198  966
199  200
199  201
199  202
199  203
199  204
199  205
199  211
199  223
199  247
199  271
199  295
199  583
199  967
200  201
200  202
200  203
200  204
200  206
200  212
200  224
200  248
200  272
200  296
200  584
200  968
201  202
201  203
201  204
201  207
201  213
201  225
201  249
201  273
201  297
201  585
201  969
202  203
202  204
202  208
202  214
202  226
202  250
202  274
202  298
202  586
202  970
203  204
203  209
203  215
203  227
203  251
203  275
203  299
203  587
203  971
204  210
204  216
204  228
204  252
204  276
204  300
204  588
204  972
205  206
205  207
205  208
205  209
205  210
205  211
205  229
205  253
205  277
205  301
205  589
205  973
206  207
206  208
206  209
206  210
206  212
206  230
206  254
206  278
206  302
206  590
206  974
207  208
207  209
207  210
207  213
207  231
207  255
207  279
207  303
207  591
207  975
208  209
208  210
208  214
208  232
208  256
208  280
208  304
208  592
208  976
209  210
209  215
209  233
209  257
209  281
209  305
209  593
209  977
210  216
210  234
210  258
210  282
210  306
210  594
210  978
211  212
211  213
211  214
211  215
211  216
211  235
211  259
211  283
211  307
211  595
211  979
212  213
212  214
212  215
212  216
212  236
212  260
212  284
212  308
212  596
212  980
213  214
213  215
213  216
213  237
213  261
213  285
213  309
213  597
213  981
214  215
214  216
214  238
214  262
214  286
214  310
214  598
214  982
215  216
215  239
215  263
215  287
215  311
215  599
215  983
216  240
216  264
216  288
216  312
216  600
216  984
217  218
217  219
217  220
217  221
217  222
217  223
217  229
217  235
217  241
217  265
217  313
217  601
217  985
218  219
218  220
218  221
218  222
218  224
218  230
218  236
218  242
218  266
218  314
218  602
218  986
219  220
219  221
219  222
219  225
219  231
219  237
219  243
219  267
219  315
219  603
219  987
220  221
220  222
220  226
220  232
220  238
220  244
220  268
220  316
220  604
220  988
221  222
221  227
221  233
221  239
221  245
221  269
221  317
221  605
221  989
222  228
222  234
222  240
222  246
222  270
222  318
222  606
222  990
223  224
223  225
223  226
223  227
223  228
223  229
223  235
223  247
223  271
223  319
223  607
223  991
224  225
224  226
224  227
224  228
224  230
224  236
224  248
224  272
224  320
224  608
224  992
225  226
225  227
225  228
225  231
225  237
225  249
225  273
225  321
225  609
225  993
226  227
226  228
226  232
226  238
226  250
226  274
226  322
226  610
226  994
227  228
227  233
227  239
227  251
227  275
227  323
227  611
227  995
228  234
228  240
228  252
228  276
228  324
228  612
228  996
229  230
229  231
229  232
229  233
229  234
229  235
229  253
229  277
229  325
229  613
229  997
230  231
230  232
230  233
230  234
230  236
230  254
230  278
230  326
230  614
230  998
231  232
231  233
231  234
231  237
231  255
231  279
231  327
231  615
231  999
232  233
232  234
232  238
232  256
232  280
232  328
232  616
232  1000
233  234
233  239
233  257
233  281
233  329
233  617
233  1001
234  240
234  258
234  282
234  330
234  618
234  1002
235  236
235  237
235  238
235  239
235  240
235  259
235  283
235  331
235  619
235  1003
236  237
236  238
236  239
236  240
236  260
236  284
236  332
236  620
236  1004
237  238
237  239
237  240
237  261
237  285
237  333
237  621
237  1005
238  239
238  240
238  262
238  286
238  334
238  622
238  1006
239  240
239  263
239  287
239  335
239  623
239  1007
240  264
240  288
240  336
240  624
240  1008
241  242
241  243
241  244
241  245
241  246
241  247
241  253
241  259
241  265
241  337
241  625
241  1009
242  243
242  244
242  245
242  246
242  248
242  254
242  260
242  266
242  338
242  626
242  1010
243  244
243  245
243  246
243  249
243  255
243  261
243  267
243  339
243  627
243  1011
244  245
244  246
244  250
244  256
244  262
244  268
244  340
244  628
244  1012
245  246
245  251
245  257
245  263
245  269
245  341
245  629
245  1013
246  252
246  258
246  264
246  270
246  342
246  630
246  1014
247  248
247  249
247  250
247  251
247  252
247  253
247  259
247  271
247  343
247  631
247  1015
248  249
248  250
248  251
248  252
248  254
248  260
248  272
248  344
248  632
248  1016
249  250
249  251
249  252
249  255
249  261
249  273
249  345
249  633
249  1017
250  251
250  252
250  256
250  262
250  274
250  346
250  634
250  1018
251  252
251  257
251  263
251  275
251  347
251  635
251  1019
252  258
252  264
252  276
252  348
252  636
252  1020
253  254
253  255
253  256
253  257
253  258
253  259
253  277
253  349
253  637
253  1021
254  255
254  256
254  257
254  258
254  260
254  278
254  350
254  638
254  1022
255  256
255  257
255  258
255  261
255  279
255  351
255  639
255  1023
256  257
256  258
256  262
256  280
256  352
256  640
256  1024
257  258
257  263
257  281
257  353
257  641
257  1025
258  264
258  282
258  354
258  642
258  1026
259  260
259  261
259  262
259  263
259  264
259  283
259  355
259  643
259  1027
260  261
260  262
260  263
260  264
260  284
260  356
260  644
260  1028
261  262
261  263
261  264
261  285
261  357
261  645
261  1029
262  263
262  264
262  286
262  358
262  646
262  1030
263  264
263  287
263  359
263  647
263  1031
264  288
264  360
264  648
264  1032
265  266
265  267
265  268
265  269
265  270
265  271
265  277
265  283
265  361
265  649
265  1033
266  267
266  268
266  269
266  270
266  272
266  278
266  284
266  362
266  650
266  1034
267  268
267  269
267  270
267  273
267  279
267  285
267  363
267  651
267  1035
268  269
268  270
268  274
268  280
268  286
268  364
268  652
268  1036
269  270
269  275
269  281
269  287
269  365
269  653
269  1037
270  276
270  282
270  288
270  366
270  654
270  1038
271  272
271  273
271  274
271  275
271  276
271  277
271  283
271  367
271  655
271  1039
272  273
272  274
272  275
272  276
272  278
272  284
272  368
272  656
272  1040
273  274
273  275
273  276
273  279
273  285
273  369
273  657
273  1041
274  275
274  276
274  280
274  286
274  370
274  658
274  1042
275  276
275  281
275  287
275  371
275  659
275  1043
276  282
276  288
276  372
276  660
276  1044
277  278
277  279
277  280
277  281
277  282
277  283
277  373
277  661
277  1045
278  279
278  280
278  281
278  282
278  284
278  374
278  662
278  1046
279  280
279  281
279  282
279  285
279  375
279  663
279  1047
280  281
280  282
280  286
280  376
280  664
280  1048
281  282
281  287
281  377
281  665
281  1049
282  288
282  378
282  666
282  1050
283  284
283  285
283  286
283  287
283  288
283  379
283  667
283  1051
284  285
284  286
284  287
284  288
284  380
284  668
284  1052
285  286
285  287
285  288
285  381
285  669
285  1053
286  287
286  288
286  382
286  670
286  1054
287  288
287  383
287  671
287  1055
288  384
288  672
288  1056
289  290
289  291
289  292
289  293
289  294
289  295
289  301
289  307
289  313
289  337
289  361
289  673
289  1057
290  291
290  292
290  293
290  294
290  296
290  302
290  308
290  314
290  338
290  362
290  674
290  1058
291  292
291  293
291  294
291  297
291  303
291  309
291  315
291  339
291  363
291  675
291  1059
292  293
292  294
292  298
292  304
292  310
292  316
292  340
292  364
292  676
292  1060
293  294
293  299
293  305
293  311
293  317
293  341
293  365
293  677
293  1061
294  300
294  306
294  312
294  318
294  342
294  366
294  678
294  1062
295  296
295  297
295  298
295  299
295  300
295  301
295  307
295  319
295  343
295  367
295  679
295  1063
296  297
296  298
296  299
296  300
296  302
296  308
296  320
296  344
296  368
296  680
296  1064
297  298
297  299
297  300
297  303
297  309
297  321
297  345
297  369
297  681
297  1065
298  299
298  300
298  304
298  310
298  322
298  346
298  370
298  682
298  1066
299  300
299  305
299  311
299  323
299  347
299  371
299  683
299  1067
300  306
300  312
300  324
300  348
300  372
300  684
300  1068
301  302
301  303
301  304
301  305
301  306
301  307
301  325
301  349
301  373
301  685
301  1069
302  303
302  304
302  305
302  306
302  308
302  326
302  350
302  374
302  686
302  1070
303  304
303  305
303  306
303  309
303  327
303  351
303  375
303  687
303  1071
304  305
304  306
304  310
304  328
304  352
304  376
304  688
304  1072
305  306
305  311
305  329
305  353
305  377
305  689
305  1073
306  312
306  330
306  354
306  378
306  690
306  1074
307  308
307  309
307  310
307  311
307  312
307  331
307  355
307  379
307  691
307  1075
308  309
308  310
308  311
308  312
308  332
308  356
308  380
308  692
308  1076
309  310
309  311
309  312
309  333
309  357
309  381
309  693
309  1077
310  311
310  312
310  334
310  358
310  382
310  694
310  1078
311  312
311  335
311  359
311  383
311  695
311  1079
312  336
312  360
312  384
312  696
312  1080
313  314
313  315
313  316
313  317
313  318
313  319
313  325
313  331
313  337
313  361
313  697
313  1081
314  315
314  316
314  317
314  318
314  320
314  326
314  332
314  338
314  362
314  698
314  1082
315  316
315  317
315  318
315  321
315  327
315  333
315  339
315  363
315  699
315  1083
316  317
316  318
316  322
316  328
316  334
316  340
316  364
316  700
316  1084
317  318
317  323
317  329
317  335
317  341
317  365
317  701
317  1085
318  324
318  330
318  336
318  342
318  366
318  702
318  1086
319  320
319  321
319  322
319  323
319  324
319  325
319  331
319  343
319  367
319  703
319  1087
320  321
320  322
320  323
320  324
320  326
320  332
320  344
320  368
320  704
320  1088
321  322
321  323
321  324
321  327
321  333
321  345
321  369
321  705
321  1089
322  323
322  324
322  328
322  334
322  346
322  370
322  706
322  1090
323  324
323  329
323  335
323  347
323  371
323  707
323  1091
324  330
324  336
324  348
324  372
324  708
324  1092
325  326
325  327
325  328
325  329
325  330
325  331
325  349
325  373
325  709
325  1093
326  327
326  328
326  329
326  330
326  332
326  350
326  374
326  710
326  1094
327  328
327  329
327  330
327  333
327  351
327  375
327  711
327  1095
328  329
328  330
328  334
328  352
328  376
328  712
328  1096
329  330
329  335
329  353
329  377
329  713
329  1097
330  336
330  354
330  378
330  714
330  1098
331  332
331  333
331  334
331  335
331  336
331  355
331  379
331  715
331  1099
332  333
332  334
332  335
332  336
332  356
332  380
332  716
332  1100
333  334
333  335
333  336
333  357
333  381
333  717
333  1101
334  335
334  336
334  358
334  382
334  718
334  1102
335  336
335  359
335  383
335  719
335  1103
336  360
336  384
336  720
336  1104
337  338
337  339
337  340
337  341
337  342
337  343
337  349
337  355
337  361
337  721
337  1105
338  339
338  340
338  341
338  342
338  344
338  350
338  356
338  362
338  722
338  1106
339  340
339  341
339  342
339  345
339  351
339  357
339  363
339  723
339  1107
340  341
340  342
340  346
340  352
340  358
340  364
340  724
340  1108
341  342
341  347
341  353
341  359
341  365
341  725
341  1109
342  348
342  354
342  360
342  366
342  726
342  1110
343  344
343  345
343  346
343  347
343  348
343  349
343  355
343  367
343  727
343  1111
344  345
344  346
344  347
344  348
344  350
344  356
344  368
344  728
344  1112
345  346
345  347
345  348
345  351
345  357
345  369
345  729
345  1113
346  347
346  348
346  352
346  358
346  370
346  730
346  1114
347  348
347  353
347  359
347  371
347  731
347  1115
348  354
348  360
348  372
348  732
348  1116
349  350
349  351
349  352
349  353
349  354
349  355
349  373
349  733
349  1117
350  351
350  352
350  353
350  354
350  356
350  374
350  734
350  1118
351  352
351  353
351  354
351  357
351  375
351  735
351  1119
352  353
352  354
352  358
352  376
352  736
352  1120
353  354
353  359
353  377
353  737
353  1121
354  360
354  378
354  738
354  1122
355  356
355  357
355  358
355  359
355  360
355  379
355  739
355  1123
356  357
356  358
356  359
356  360
356  380
356  740
356  1124
357  358
357  359
357  360
357  381
357  741
357  1125
358  359
358  360
358  382
358  742
358  1126
359  360
359  383
359  743
359  1127
360  384
360  744
360  1128
361  362
361  363
361  364
361  365
361  366
361  367
361  373
361  379
361  745
361  1129
362  363
362  364
362  365
362  366
362  368
362  374
362  380
362  746
362  1130
363  364
363  365
363  366
363  369
363  375
363  381
363  747
363  1131
364  365
364  366
364  370
364  376
364  382
364  748
364  1132
365  366
365  371
365  377
365  383
365  749
365  1133
366  372
366  378
366  384
366  750
366  1134
367  368
367  369
367  370
367  371
367  372
367  373
367  379
367  751
367  1135
368  369
368  370
368  371
368  372
368  374
368  380
368  752
368  1136
369  370
369  371
369  372
369  375
369  381
369  753
369  1137
370  371
370  372
370  376
370  382
370  754
370  1138
371  372
371  377
371  383
371  755
371  1139
372  378
372  384
372  756
372  1140
373  374
373  375
373  376
373  377
373  378
373  379
373  757
373  1141
374  375
374  376
374  377
374  378
374  380
374  758
374  1142
375  376
375  377
375  378
375  381
375  759
375  1143
376  377
376  378
376  382
376  760
376  1144
377  378
377  383
377  761
377  1145
378  384
378  762
378  1146
379  380
379  381
379  382
379  383
379  384
379  763
379  1147
380  381
380  382
380  383
380  384
380  764
380  1148
381  382
381  383
381  384
381  765
381  1149
382  383
382  384
382  766
382  1150
383  384
383  767
383  1151
384  768
384  1152
385  386
385  387
385  388
385  389
385  390
385  391
385  397
385  403
385  409
385  433
385  457
385  481
385  577
385  673
385  769
386  387
386  388
386  389
386  390
386  392
386  398
386  404
386  410
386  434
386  458
386  482
386  578
386  674
386  770
387  388
387  389
387  390
387  393
387  399
387  405
387  411
387  435
387  459
387  483
387  579
387  675
387  771
388  389
388  390
388  394
388  400
388  406
388  412
388  436
388  460
388  484
388  580
388  676
388  772
389  390
389  395
389  401
389  407
389  413
389  437
389  461
389  485
389  581
389  677
389  773
390  396
390  402
390  408
390  414
390  438
390  462
390  486
390  582
390  678
390  774
391  392
391  393
391  394
391  395
391  396
391  397
391  403
391  415
391  439
391  463
391  487
391  583
391  679
391  775
392  393
392  394
392  395
392  396
392  398
392  404
392  416
392  440
392  464
392  488
392  584
392  680
392  776
393  394
393  395
393  396
393  399
393  405
393  417
393  441
393  465
393  489
393  585
393  681
393  777
394  395
394  396
394  400
394  406
394  418
394  442
394  466
394  490
394  586
394  682
394  778
395  396
395  401
395  407
395  419
395  443
395  467
395  491
395  587
395  683
395  779
396  402
396  408
396  420
396  444
396  468
396  492
396  588
396  684
396  780
397  398
397  399
397  400
397  401
397  402
397  403
397  421
397  445
397  469
397  493
397  589
397  685
397  781
398  399
398  400
398  401
398  402
398  404
398  422
398  446
398  470
398  494
398  590
398  686
398  782
399  400
399  401
399  402
399  405
399  423
399  447
399  471
399  495
399  591
399  687
399  783
400  401
400  402
400  406
400  424
400  448
400  472
400  496
400  592
400  688
400  784
401  402
401  407
401  425
401  449
401  473
401  497
401  593
401  689
401  785
402  408
402  426
402  450
402  474
402  498
402  594
402  690
402  786
403  404
403  405
403  406
403  407
403  408
403  427
403  451
403  475
403  499
403  595
403  691
403  787
404  405
404  406
404  407
404  408
404  428
404  452
404  476
404  500
404  596
404  692
404  788
405  406
405  407
405  408
405  429
405  453
405  477
405  501
405  597
405  693
405  789
406  407
406  408
406  430
406  454
406  478
406  502
406  598
406  694
406  790
407  408
407  431
407  455
407  479
407  503
407  599
407  695
407  791
408  432
408  456
408  480
408  504
408  600
408  696
408  792
409  410
409  411
409  412
409  413
409  414
409  415
409  421
409  427
409  433
409  457
409  505
409  601
409  697
409  793
410  411
410  412
410  413
410  414
410  416
410  422
410  428
410  434
410  458
410  506
410  602
410  698
410  794
411  412
411  413
411  414
411  417
411  423
411  429
411  435
411  459
411  507
411  603
411  699
411  795
412  413
412  414
412  418
412  424
412  430
412  436
412  460
412  508
412  604
412  700
412  796
413  414
413  419
413  425
413  431
413  437
413  461
413  509
413  605
413  701
413  797
414  420
414  426
414  432
414  438
414  462
414  510
414  606
414  702
414  798
415  416
415  417
415  418
415  419
415  420
415  421
415  427
415  439
415  463
415  511
415  607
415  703
415  799
416  417
416  418
416  419
416  420
416  422
416  428
416  440
416  464
416  512
416  608
416  704
416  800
417  418
417  419
417  420
417  423
417  429
417  441
417  465
417  513
417  609
417  705
417  801
418  419
418  420
418  424
418  430
418  442
418  466
418  514
418  610
418  706
418  802
419  420
419  425
419  431
419  443
419  467
419  515
419  611
419  707
419  803
420  426
420  432
420  444
420  468
420  516
420  612
420  708
420  804
421  422
421  423
421  424
421  425
421  426
421  427
421  445
421  469
421  517
421  613
421  709
421  805
422  423
422  424
422  425
422  426
422  428
422  446
422  470
422  518
422  614
422  710
422  806
423  424
423  425
423  426
423  429
423  447
423  471
423  519
423  615
423  711
423  807
424  425
424  426
424  430
424  448
424  472
424  520
424  616
424  712
424  808
425  426
425  431
425  449
425  473
425  521
425  617
425  713
425  809
426  432
426  450
426  474
426  522
426  618
426  714
426  810
427  428
427  429
427  430
427  431
427  432
427  451
427  475
427  523
427  619
427  715
427  811
428  429
428  430
428  431
428  432
428  452
428  476
428  524
428  620
428  716
428  812
429  430
429  431
429  432
429  453
429  477
429  525
429  621
429  717
429  813
430  431
430  432
430  454
430  478
430  526
430  622
430  718
430  814
431  432
431  455
431  479
431  527
431  623
431  719
431  815
432  456
432  480
432  528
432  624
432  720
432  816
433  434
433  435
433  436
433  437
433  438
433  439
433  445
433  451
433  457
433  529
433  625
433  721
433  817
434  435
434  436
434  437
434  438
434  440
434  446
434  452
434  458
434  530
434  626
434  722
434  818
435  436
435  437
435  438
435  441
435  447
435  453
435  459
435  531
435  627
435  723
435  819
436  437
436  438
436  442
436  448
436  454
436  460
436  532
436  628
436  724
436  820
437  438
437  443
437  449
437  455
437  461
437  533
437  629
437  725
437  821
438  444
438  450
438  456
438  462
438  534
438  630
438  726
438  822
439  440
439  441
439  442
439  443
439  444
439  445
439  451
439  463
439  535
439  631
439  727
439  823
440  441
440  442
440  443
440  444
440  446
440  452
440  464
440  536
440  632
440  728
440  824
441  442
441  443
441  444
441  447
441  453
441  465
441  537
441  633
441  729
441  825
442  443
442  444
442  448
442  454
442  466
442  538
442  634
442  730
442  826
443  444
443  449
443  455
443  467
443  539
443  635
443  731
443  827
444  450
444  456
444  468
444  540
444  636
444  732
444  828
445  446
445  447
445  448
445  449
445  450
445  451
445  469
445  541
445  637
445  733
445  829
446  447
446  448
446  449
446  450
446  452
446  470
446  542
446  638
446  734
446  830
447  448
447  449
447  450
447  453
447  471
447  543
447  639
447  735
447  831
448  449
448  450
448  454
448  472
448  544
448  640
448  736
448  832
449  450
449  455
449  473
449  545
449  641
449  737
449  833
450  456
450  474
450  546
450  642
450  738
450  834
451  452
451  453
451  454
451  455
451  456
451  475
451  547
451  643
451  739
451  835
452  453
452  454
452  455
452  456
452  476
452  548
452  644
452  740
452  836
453  454
453  455
453  456
453  477
453  549
453  645
453  741
453  837
454  455
454  456
454  478
454  550
454  646
454  742
454  838
455  456
455  479
455  551
455  647
455  743
455  839
456  480
456  552
456  648
456  744
456  840
457  458
457  459
457  460
457  461
457  462
457  463
457  469
457  475
457  553
457  649
457  745
457  841
458  459
458  460
458  461
458  462
458  464
458  470
458  476
458  554
458  650
458  746
458  842
459  460
459  461
459  462
459  465
459  471
459  477
459  555
459  651
459  747
459  843
460  461
460  462
460  466
460  472
460  478
460  556
460  652
460  748
460  844
461  462
461  467
461  473
461  479
461  557
461  653
461  749
461  845
462  468
462  474
462  480
462  558
462  654
462  750
462  846
463  464
463  465
463  466
463  467
463  468
463  469
463  475
463  559
463  655
463  751
463  847
464  465
464  466
464  467
464  468
464  470
464  476
464  560
464  656
464  752
464  848
465  466
465  467
465  468
465  471
465  477
465  561
465  657
465  753
465  849
466  467
466  468
466  472
466  478
466  562
466  658
466  754
466  850
467  468
467  473
467  479
467  563
467  659
467  755
467  851
468  474
468  480
468  564
468  660
468  756
468  852
469  470
469  471
469  472
469  473
469  474
469  475
469  565
469  661
469  757
469  853
470  471
470  472
470  473
470  474
470  476
470  566
470  662
470  758
470  854
471  472
471  473
471  474
471  477
471  567
471  663
471  759
471  855
472  473
472  474
472  478
472  568
472  664
472  760
472  856
473  474
473  479
473  569
473  665
473  761
473  857
474  480
474  570
474  666
474  762
474  858
475  476
475  477
475  478
475  479
475  480
475  571
475  667
475  763
475  859
476  477
476  478
476  479
476  480
476  572
476  668
476  764
476  860
477  478
477  479
477  480
477  573
477  669
477  765
477  861
478  479
478  480
478  574
478  670
478  766
478  862
479  480
479  575
479  671
479  767
479  863
480  576
480  672
480  768
480  864
481  482
481  483
481  484
481  485
481  486
481  487
481  493
481  499
481  505
481  529
481  553
481  577
481  673
481  865
482  483
482  484
482  485
482  486
482  488
482  494
482  500
482  506
482  530
482  554
482  578
482  674
482  866
483  484
483  485
483  486
483  489
483  495
483  501
483  507
483  531
483  555
483  579
483  675
483  867
484  485
484  486
484  490
484  496
484  502
484  508
484  532
484  556
484  580
484  676
484  868
485  486
485  491
485  497
485  503
485  509
485  533
485  557
485  581
485  677
485  869
486  492
486  498
486  504
486  510
486  534
486  558
486  582
486  678
486  870
487  488
487  489
487  490
487  491
487  492
487  493
487  499
487  511
487  535
487  559
487  583
487  679
487  871
488  489
488  490
488  491
488  492
488  494
488  500
488  512
488  536
488  560
488  584
488  680
488  872
489  490
489  491
489  492
489  495
489  501
489  513
489  537
489  561
489  585
489  681
489  873
490  491
490  492
490  496
490  502
490  514
490  538
490  562
490  586
490  682
490  874
491  492
491  497
491  503
491  515
491  539
491  563
491  587
491  683
491  875
492  498
492  504
492  516
492  540
492  564
492  588
492  684
492  876
493  494
493  495
493  496
493  497
493  498
493  499
493  517
493  541
493  565
493  589
493  685
493  877
494  495
494  496
494  497
494  498
494  500
494  518
494  542
494  566
494  590
494  686
494  878
495  496
495  497
495  498
495  501
495  519
495  543
495  567
495  591
495  687
495  879
496  497
496  498
496  502
496  520
496  544
496  568
496  592
496  688
496  880
497  498
497  503
497  521
497  545
497  569
497  593
497  689
497  881
498  504
498  522
498  546
498  570
498  594
498  690
498  882
499  500
499  501
499  502
499  503
499  504
499  523
499  547
499  571
499  595
499  691
499  883
500  501
500  502
500  503
500  504
500  524
500  548
500  572
500  596
500  692
500  884
501  502
501  503
501  504
501  525
501  549
501  573
501  597
501  693
501  885
502  503
502  504
502  526
502  550
502  574
502  598
502  694
502  886
503  504
503  527
503  551
503  575
503  599
503  695
503  887
504  528
504  552
504  576
504  600
504  696
504  888
505  506
505  507
505  508
505  509
505  510
505  511
505  517
505  523
505  529
505  553
505  601
505  697
505  889
506  507
506  508
506  509
506  510
506  512
506  518
506  524
506  530
506  554
506  602
506  698
506  890
507  508
507  509
507  510
507  513
507  519
507  525
507  531
507  555
507  603
507  699
507  891
508  509
508  510
508  514
508  520
508  526
508  532
508  556
508  604
508  700
508  892
509  510
509  515
509  521
509  527
509  533
509  557
509  605
509  701
509  893
510  516
510  522
510  528
510  534
510  558
510  606
510  702
510  894
511  512
511  513
511  514
511  515
511  516
511  517
511  523
511  535
511  559
511  607
511  703
511  895
512  513
512  514
512  515
512  516
512  518
512  524
512  536
512  560
512  608
512  704
512  896
513  514
513  515
513  516
513  519
513  525
513  537
513  561
513  609
513  705
513  897
514  515
514  516
514  520
514  526
514  538
514  562
514  610
514  706
514  898
515  516
515  521
515  527
515  539
515  563
515  611
515  707
515  899
516  522
516  528
516  540
516  564
516  612
516  708
516  900
517  518
517  519
517  520
517  521
517  522
517  523
517  541
517  565
517  613
517  709
517  901
518  519
518  520
518  521
518  522
518  524
518  542
518  566
518  614
518  710
518  902
519  520
519  521
519  522
519  525
519  543
519  567
519  615
519  711
519  903
520  521
520  522
520  526
520  544
520  568
520  616
520  712
520  904
521  522
521  527
521  545
521  569
521  617
521  713
521  905
522  528
522  546
522  570
522  618
522  714
522  906
523  524
523  525
523  526
523  527
523  528
523  547
523  571
523  619
523  715
523  907
524  525
524  526
524  527
524  528
524  548
524  572
524  620
524  716
524  908
525  526
525  527
525  528
525  549
525  573
525  621
525  717
525  909
526  527
526  528
526  550
526  574
526  622
526  718
526  910
527  528
527  551
527  575
527  623
527  719
527  911
528  552
528  576
528  624
528  720
528  912
529  530
529  531
529  532
529  533
529  534
529  535
529  541
529  547
529  553
529  625
529  721
529  913
530  531
530  532
530  533
530  534
530  536
530  542
530  548
530  554
530  626
530  722
530  914
531  532
531  533
531  534
531  537
531  543
531  549
531  555
531  627
531  723
531  915
532  533
532  534
532  538
532  544
532  550
532  556
532  628
532  724
532  916
533  534
533  539
533  545
533  551
533  557
533  629
533  725
533  917
534  540
534  546
534  552
534  558
534  630
534  726
534  918
535  536
535  537
535  538
535  539
535  540
535  541
535  547
535  559
535  631
535  727
535  919
536  537
536  538
536  539
536  540
536  542
536  548
536  560
536  632
536  728
536  920
537  538
537  539
537  540
537  543
537  549
537  561
537  633
537  729
537  921
538  539
538  540
538  544
538  550
538  562
538  634
538  730
538  922
539  540
539  545
539  551
539  563
539  635
539  731
539  923
540  546
540  552
540  564
540  636
540  732
540  924
541  542
541  543
541  544
541  545
541  546
541  547
541  565
541  637
541  733
541  925
542  543
542  544
542  545
542  546
542  548
542  566
542  638
542  734
542  926
543  544
543  545
543  546
543  549
543  567
543  639
543  735
543  927
544  545
544  546
544  550
544  568
544  640
544  736
544  928
545  546
545  551
545  569
545  641
545  737
545  929
546  552
546  570
546  642
546  738
546  930
547  548
547  549
547  550
547  551
547  552
547  571
547  643
547  739
547  931
548  549
548  550
548  551
548  552
548  572
548  644
548  740
548  932
549  550
549  551
549  552
549  573
549  645
549  741
549  933
550  551
550  552
550  574
550  646
550  742
550  934
551  552
551  575
551  647
551  743
551  935
552  576
552  648
552  744
552  936
553  554
553  555
553  556
553  557
553  558
553  559
553  565
553  571
553  649
553  745
553  937
554  555
554  556
554  557
554  558
554  560
554  566
554  572
554  650
554  746
554  938
555  556
555  557
555  558
555  561
555  567
555  573
555  651
555  747
555  939
556  557
556  558
556  562
556  568
556  574
556  652
556  748
556  940
557  558
557  563
557  569
557  575
557  653
557  749
557  941
558  564
558  570
558  576
558  654
558  750
558  942
559  560
559  561
559  562
559  563
559  564
559  565
559  571
559  655
559  751
559  943
560  561
560  562
560  563
560  564
560  566
560  572
560  656
560  752
560  944
561  562
561  563
561  564
561  567
561  573
561  657
561  753
561  945
562  563
562  564
562  568
562  574
562  658
562  754
562  946
563  564
563  569
563  575
563  659
563  755
563  947
564  570
564  576
564  660
564  756
564  948
565  566
565  567
565  568
565  569
565  570
565  571
565  661
565  757
565  949
566  567
566  568
566  569
566  570
566  572
566  662
566  758
566  950
567  568
567  569
567  570
567  573
567  663
567  759
567  951
568  569
568  570
568  574
568  664
568  760
568  952
569  570
569  575
569  665
569  761
569  953
570  576
570  666
570  762
570  954
571  572
571  573
571  574
571  575
571  576
571  667
571  763
571  955
572  573
572  574
572  575
572  576
572  668
572  764
572  956
573  574
573  575
573  576
573  669
573  765
573  957
574  575
574  576
574  670
574  766
574  958
575  576
575  671
575  767
575  959
576  672
576  768
576  960
577  578
577  579
577  580
577  581
577  582
577  583
577  589
577  595
577  601
577  625
577  649
577  673
577  961
578  579
578  580
578  581
578  582
578  584
578  590
578  596
578  602
578  626
578  650
578  674
578  962
579  580
579  581
579  582
579  585
579  591
579  597
579  603
579  627
579  651
579  675
579  963
580  581
580  582
580  586
580  592
580  598
580  604
580  628
580  652
580  676
580  964
581  582
581  587
581  593
581  599
581  605
581  629
581  653
581  677
581  965
582  588
582  594
582  600
582  606
582  630
582  654
582  678
582  966
583  584
583  585
583  586
583  587
583  588
583  589
583  595
583  607
583  631
583  655
583  679
583  967
584  585
584  586
584  587
584  588
584  590
584  596
584  608
584  632
584  656
584  680
584  968
585  586
585  587
585  588
585  591
585  597
585  609
585  633
585  657
585  681
585  969
586  587
586  588
586  592
586  598
586  610
586  634
586  658
586  682
586  970
587  588
587  593
587  599
587  611
587  635
587  659
587  683
587  971
588  594
588  600
588  612
588  636
588  660
588  684
588  972
589  590
589  591
589  592
589  593
589  594
589  595
589  613
589  637
589  661
589  685
589  973
590  591
590  592
590  593
590  594
590  596
590  614
590  638
590  662
590  686
590  974
591  592
591  593
591  594
591  597
591  615
591  639
591  663
591  687
591  975
592  593
592  594
592  598
592  616
592  640
592  664
592  688
592  976
593  594
593  599
593  617
593  641
593  665
593  689
593  977
594  600
594  618
594  642
594  666
594  690
594  978
595  596
595  597
595  598
595  599
595  600
595  619
595  643
595  667
595  691
595  979
596  597
596  598
596  599
596  600
596  620
596  644
596  668
596  692
596  980
597  598
597  599
597  600
597  621
597  645
597  669
597  693
597  981
598  599
598  600
598  622
598  646
598  670
598  694
598  982
599  600
599  623
599  647
599  671
599  695
599  983
600  624
600  648
600  672
600  696
600  984
601  602
601  603
601  604
601  605
601  606
601  607
601  613
601  619
601  625
601  649
601  697
601  985
602  603
602  604
602  605
602  606
602  608
602  614
602  620
602  626
602  650
602  698
602  986
603  604
603  605
603  606
603  609
603  615
603  621
603  627
603  651
603  699
603  987
604  605
604  606
604  610
604  616
604  622
604  628
604  652
604  700
604  988
605  606
605  611
605  617
605  623
605  629
605  653
605  701
605  989
606  612
606  618
606  624
606  630
606  654
606  702
606  990
607  608
607  609
607  610
607  611
607  612
607  613
607  619
607  631
607  655
607  703
607  991
608  609
608  610
608  611
608  612
608  614
608  620
608  632
608  656
608  704
608  992
609  610
609  611
609  612
609  615
609  621
609  633
609  657
609  705
609  993
610  611
610  612
610  616
610  622
610  634
610  658
610  706
610  994
611  612
611  617
611  623
611  635
611  659
611  707
611  995
612  618
612  624
612  636
612  660
612  708
612  996
613  614
613  615
613  616
613  617
613  618
613  619
613  637
613  661
613  709
613  997
614  615
614  616
614  617
614  618
614  620
614  638
614  662
614  710
614  998
615  616
615  617
615  618
615  621
615  639
615  663
615  711
615  999
616  617
616  618
616  622
616  640
616  664
616  712
616  1000
617  618
617  623
617  641
617  665
617  713
617  1001
618  624
618  642
618  666
618  714
618  1002
619  620
619  621
619  622
619  623
619  624
619  643
619  667
619  715
619  1003
620  621
620  622
620  623
620  624
620  644
620  668
620  716
620  1004
621  622
621  623
621  624
621  645
621  669
621  717
621  1005
622  623
622  624
622  646
622  670
622  718
622  1006
623  624
623  647
623  671
623  719
623  1007
624  648
624  672
624  720
624  1008
625  626
625  627
625  628
625  629
625  630
625  631
625  637
625  643
625  649
625  721
625  1009
626  627
626  628
626  629
626  630
626  632
626  638
626  644
626  650
626  722
626  1010
627  628
627  629
627  630
627  633
627  639
627  645
627  651
627  723
627  1011
628  629
628  630
628  634
628  640
628  646
628  652
628  724
628  1012
629  630
629  635
629  641
629  647
629  653
629  725
629  1013
630  636
630  642
630  648
630  654
630  726
630  1014
631  632
631  633
631  634
631  635
631  636
631  637
631  643
631  655
631  727
631  1015
632  633
632  634
632  635
632  636
632  638
632  644
632  656
632  728
632  1016
633  634
633  635
633  636
633  639
633  645
633  657
633  729
633  1017
634  635
634  636
634  640
634  646
634  658
634  730
634  1018
635  636
635  641
635  647
635  659
635  731
635  1019
636  642
636  648
636  660
636  732
636  1020
637  638
637  639
637  640
637  641
637  642
637  643
637  661
637  733
637  1021
638  639
638  640
638  641
638  642
638  644
638  662
638  734
638  1022
639  640
639  641
639  642
639  645
639  663
639  735
639  1023
640  641
640  642
640  646
640  664
640  736
640  1024
641  642
641  647
641  665
641  737
641  1025
642  648
642  666
642  738
642  1026
643  644
643  645
643  646
643  647
643  648
643  667
643  739
643  1027
644  645
644  646
644  647
644  648
644  668
644  740
644  1028
645  646
645  647
645  648
645  669
645  741
645  1029
646  647
646  648
646  670
646  742
646  1030
647  648
647  671
647  743
647  1031
648  672
648  744
648  1032
649  650
649  651
649  652
649  653
649  654
649  655
649  661
649  667
649  745
649  1033
650  651
650  652
650  653
650  654
650  656
650  662
650  668
650  746
650  1034
651  652
651  653
651  654
651  657
651  663
651  669
651  747
651  1035
652  653
652  654
652  658
652  664
652  670
652  748
652  1036
653  654
653  659
653  665
653  671
653  749
653  1037
654  660
654  666
654  672
654  750
654  1038
655  656
655  657
655  658
655  659
655  660
655  661
655  667
655  751
655  1039
656  657
656  658
656  659
656  660
656  662
656  668
656  752
656  1040
657  658
657  659
657  660
657  663
657  669
657  753
657  1041
658  659
658  660
658  664
658  670
658  754
658  1042
659  660
659  665
659  671
659  755
659  1043
660  666
660  672
660  756
660  1044
661  662
661  663
661  664
661  665
661  666
661  667
661  757
661  1045
662  663
662  664
662  665
662  666
662  668
662  758
662  1046
663  664
663  665
663  666
663  669
663  759
663  1047
664  665
664  666
664  670
664  760
664  1048
665  666
665  671
665  761
665  1049
666  672
666  762
666  1050
667  668
667  669
667  670
667  671
667  672
667  763
667  1051
668  669
668  670
668  671
668  672
668  764
668  1052
669  670
669  671
669  672
669  765
669  1053
670  671
670  672
670  766
670  1054
671  672
671  767
671  1055
672  768
672  1056
673  674
673  675
673  676
673  677
673  678
673  679
673  685
673  691
673  697
673  721
673  745
673  1057
674  675
674  676
674  677
674  678
674  680
674  686
674  692
674  698
674  722
674  746
674  1058
675  676
675  677
675  678
675  681
675  687
675  693
675  699
675  723
675  747
675  1059
676  677
676  678
676  682
676  688
676  694
676  700
676  724
676  748
676  1060
677  678
677  683
677  689
677  695
677  701
677  725
677  749
677  1061
678  684
678  690
678  696
678  702
678  726
678  750
678  1062
679  680
679  681
679  682
679  683
679  684
679  685
679  691
679  703
679  727
679  751
679  1063
680  681
680  682
680  683
680  684
680  686
680  692
680  704
680  728
680  752
680  1064
681  682
681  683
681  684
681  687
681  693
681  705
681  729
681  753
681  1065
682  683
682  684
682  688
682  694
682  706
682  730
682  754
682  1066
683  684
683  689
683  695
683  707
683  731
683  755
683  1067
684  690
684  696
684  708
684  732
684  756
684  1068
685  686
685  687
685  688
685  689
685  690
685  691
685  709
685  733
685  757
685  1069
686  687
686  688
686  689
686  690
686  692
686  710
686  734
686  758
686  1070
687  688
687  689
687  690
687  693
687  711
687  735
687  759
687  1071
688  689
688  690
688  694
688  712
688  736
688  760
688  1072
689  690
689  695
689  713
689  737
689  761
689  1073
690  696
690  714
690  738
690  762
690  1074
691  692
691  693
691  694
691  695
691  696
691  715
691  739
691  763
691  1075
692  693
692  694
692  695
692  696
692  716
692  740
692  764
692  1076
693  694
693  695
693  696
693  717
693  741
693  765
693  1077
694  695
694  696
694  718
694  742
694  766
694  1078
695  696
695  719
695  743
695  767
695  1079
696  720
696  744
696  768
696  1080
697  698
697  699
697  700
697  701
697  702
697  703
697  709
697  715
697  721
697  745
697  1081
698  699
698  700
698  701
698  702
698  704
698  710
698  716
698  722
698  746
698  1082
699  700
699  701
699  702
699  705
699  711
699  717
699  723
699  747
699  1083
700  701
700  702
700  706
700  712
700  718
700  724
700  748
700  1084
701  702
701  707
701  713
701  719
701  725
701  749
701  1085
702  708
702  714
702  720
702  726
702  750
702  1086
703  704
703  705
703  706
703  707
703  708
703  709
703  715
703  727
703  751
703  1087
704  705
704  706
704  707
704  708
704  710
704  716
704  728
704  752
704  1088
705  706
705  707
705  708
705  711
705  717
705  729
705  753
705  1089
706  707
706  708
706  712
706  718
706  730
706  754
706  1090
707  708
707  713
707  719
707  731
707  755
707  1091
708  714
708  720
708  732
708  756
708  1092
709  710
709  711
709  712
709  713
709  714
709  715
709  733
709  757
709  1093
710  711
710  712
710  713
710  714
710  716
710  734
710  758
710  1094
711  712
711  713
711  714
711  717
711  735
711  759
711  1095
712  713
712  714
712  718
712  736
712  760
712  1096
713  714
713  719
713  737
713  761
713  1097
714  720
714  738
714  762
714  1098
715  716
715  717
715  718
715  719
715  720
715  739
715  763
715  1099
716  717
716  718
716  719
716  720
716  740
716  764
716  1100
717  718
717  719
717  720
717  741
717  765
717  1101
718  719
718  720
718  742
718  766
718  1102
719  720
719  743
719  767
719  1103
720  744
720  768
720  1104
721  722
721  723
721  724
721  725
721  726
721  727
721  733
721  739
721  745
721  1105
722  723
722  724
722  725
722  726
722  728
722  734
722  740
722  746
722  1106
723  724
723  725
723  726
723  729
723  735
723  741
723  747
723  1107
724  725
724  726
724  730
724  736
724  742
724  748
724  1108
725  726
725  731
725  737
725  743
725  749
725  1109
726  732
726  738
726  744
726  750
726  1110
727  728
727  729
727  730
727  731
727  732
727  733
727  739
727  751
727  1111
728  729
728  730
728  731
728  732
728  734
728  740
728  752
728  1112
729  730
729  731
729  732
729  735
729  741
729  753
729  1113
730  731
730  732
730  736
730  742
730  754
730  1114
731  732
731  737
731  743
731  755
731  1115
732  738
732  744
732  756
732  1116
733  734
733  735
733  736
733  737
733  738
733  739
733  757
733  1117
734  735
734  736
734  737
734  738
734  740
734  758
734  1118
735  736
735  737
735  738
735  741
735  759
735  1119
736  737
736  738
736  742
736  760
736  1120
737  738
737  743
737  761
737  1121
738  744
738  762
738  1122
739  740
739  741
739  742
739  743
739  744
739  763
739  1123
740  741
740  742
740  743
740  744
740  764
740  1124
741  742
741  743
741  744
741  765
741  1125
742  743
742  744
742  766
742  1126
743  744
743  767
743  1127
744  768
744  1128
745  746
745  747
745  748
745  749
745  750
745  751
745  757
745  763
745  1129
746  747
746  748
746  749
746  750
746  752
746  758
746  764
746  1130
747  748
747  749
747  750
747  753
747  759
747  765
747  1131
748  749
748  750
748  754
748  760
748  766
748  1132
749  750
749  755
749  761
749  767
749  1133
750  756
750  762
750  768
750  1134
751  752
751  753
751  754
751  755
751  756
751  757
751  763
751  1135
752  753
752  754
752  755
752  756
752  758
752  764
752  1136
753  754
753  755
753  756
753  759
753  765
753  1137
754  755
754  756
754  760
754  766
754  1138
755  756
755  761
755  767
755  1139
756  762
756  768
756  1140
757  758
757  759
757  760
757  761
757  762
757  763
757  1141
758  759
758  760
758  761
758  762
758  764
758  1142
759  760
759  761
759  762
759  765
759  1143
760  761
760  762
760  766
760  1144
761  762
761  767
761  1145
762  768
762  1146
763  764
763  765
763  766
763  767
763  768
763  1147
764  765
764  766
764  767
764  768
764  1148
765  766
765  767
765  768
765  1149
766  767
766  768
766  1150
767  768
767  1151
768  1152
769  770
769  771
769  772
769  773
769  774
769  775
769  781
769  787
769  793
769  817
769  841
769  865
769  961
769  1057
770  771
770  772
770  773
770  774
770  776
770  782
770  788
770  794
770  818
770  842
770  866
770  962
770  1058
771  772
771  773
771  774
771  777
771  783
771  789
771  795
771  819
771  843
771  867
771  963
771  1059
772  773
772  774
772  778
772  784
772  790
772  796
772  820
772  844
772  868
772  964
772  1060
773  774
773  779
773  785
773  791
773  797
773  821
773  845
773  869
773  965
773  1061
774  780
774  786
774  792
774  798
774  822
774  846
774  870
774  966
774  1062
775  776
775  777
775  778
775  779
775  780
775  781
775  787
775  799
775  823
775  847
775  871
775  967
775  1063
776  777
776  778
776  779
776  780
776  782
776  788
776  800
776  824
776  848
776  872
776  968
776  1064
777  778
777  779
777  780
777  783
777  789
777  801
777  825
777  849
777  873
777  969
777  1065
778  779
778  780
778  784
778  790
778  802
778  826
778  850
778  874
778  970
778  1066
779  780
779  785
779  791
779  803
779  827
779  851
779  875
779  971
779  1067
780  786
780  792
780  804
780  828
780  852
780  876
780  972
780  1068
781  782
781  783
781  784
781  785
781  786
781  787
781  805
781  829
781  853
781  877
781  973
781  1069
782  783
782  784
782  785
782  786
782  788
782  806
782  830
782  854
782  878
782  974
782  1070
783  784
783  785
783  786
783  789
783  807
783  831
783  855
783  879
783  975
783  1071
784  785
784  786
784  790
784  808
784  832
784  856
784  880
784  976
784  1072
785  786
785  791
785  809
785  833
785  857
785  881
785  977
785  1073
786  792
786  810
786  834
786  858
786  882
786  978
786  1074
787  788
787  789
787  790
787  791
787  792
787  811
787  835
787  859
787  883
787  979
787  1075
788  789
788  790
788  791
788  792
788  812
788  836
788  860
788  884
788  980
788  1076
789  790
789  791
789  792
789  813
789  837
789  861
789  885
789  981
789  1077
790  791
790  792
790  814
790  838
790  862
790  886
790  982
790  1078
791  792
791  815
791  839
791  863
791  887
791  983
791  1079
792  816
792  840
792  864
792  888
792  984
792  1080
793  794
793  795
793  796
793  797
793  798
793  799
793  805
793  811
793  817
793  841
793  889
793  985
793  1081
794  795
794  796
794  797
794  798
794  800
794  806
794  812
794  818
794  842
794  890
794  986
794  1082
795  796
795  797
795  798
795  801
795  807
795  813
795  819
795  843
795  891
795  987
795  1083
796  797
796  798
796  802
796  808
796  814
796  820
796  844
796  892
796  988
796  1084
797  798
797  803
797  809
797  815
797  821
797  845
797  893
797  989
797  1085
798  804
798  810
798  816
798  822
798  846
798  894
798  990
798  1086
799  800
799  801
799  802
799  803
799  804
799  805
799  811
799  823
799  847
799  895
799  991
799  1087
800  801
800  802
800  803
800  804
800  806
800  812
800  824
800  848
800  896
800  992
800  1088
801  802
801  803
801  804
801  807
801  813
801  825
801  849
801  897
801  993
801  1089
802  803
802  804
802  808
802  814
802  826
802  850
802  898
802  994
802  1090
803  804
803  809
803  815
803  827
803  851
803  899
803  995
803  1091
804  810
804  816
804  828
804  852
804  900
804  996
804  1092
805  806
805  807
805  808
805  809
805  810
805  811
805  829
805  853
805  901
805  997
805  1093
806  807
806  808
806  809
806  810
806  812
806  830
806  854
806  902
806  998
806  1094
807  808
807  809
807  810
807  813
807  831
807  855
807  903
807  999
807  1095
808  809
808  810
808  814
808  832
808  856
808  904
808  1000
808  1096
809  810
809  815
809  833
809  857
809  905
809  1001
809  1097
810  816
810  834
810  858
810  906
810  1002
810  1098
811  812
811  813
811  814
811  815
811  816
811  835
811  859
811  907
811  1003
811  1099
812  813
812  814
812  815
812  816
812  836
812  860
812  908
812  1004
812  1100
813  814
813  815
813  816
813  837
813  861
813  909
813  1005
813  1101
814  815
814  816
814  838
814  862
814  910
814  1006
814  1102
815  816
815  839
815  863
815  911
815  1007
815  1103
816  840
816  864
816  912
816  1008
816  1104
817  818
817  819
817  820
817  821
817  822
817  823
817  829
817  835
817  841
817  913
817  1009
817  1105
818  819
818  820
818  821
818  822
818  824
818  830
818  836
818  842
818  914
818  1010
818  1106
819  820
819  821
819  822
819  825
819  831
819  837
819  843
819  915
819  1011
819  1107
820  821
820  822
820  826
820  832
820  838
820  844
820  916
820  1012
820  1108
821  822
821  827
821  833
821  839
821  845
821  917
821  1013
821  1109
822  828
822  834
822  840
822  846
822  918
822  1014
822  1110
823  824
823  825
823  826
823  827
823  828
823  829
823  835
823  847
823  919
823  1015
823  1111
824  825
824  826
824  827
824  828
824  830
824  836
824  848
824  920
824  1016
824  1112
825  826
825  827
825  828
825  831
825  837
825  849
825  921
825  1017
825  1113
826  827
826  828
826  832
826  838
826  850
826  922
826  1018
826  1114
827  828
827  833
827  839
827  851
827  923
827  1019
827  1115
828  834
828  840
828  852
828  924
828  1020
828  1116
829  830
829  831
829  832
829  833
829  834
829  835
829  853
829  925
829  1021
829  1117
830  831
830  832
830  833
830  834
830  836
830  854
830  926
830  1022
830  1118
831  832
831  833
831  834
831  837
831  855
831  927
831  1023
831  1119
832  833
832  834
832  838
832  856
832  928
832  1024
832  1120
833  834
833  839
833  857
833  929
833  1025
833  1121
834  840
834  858
834  930
834  1026
834  1122
835  836
835  837
835  838
835  839
835  840
835  859
835  931
835  1027
835  1123
836  837
836  838
836  839
836  840
836  860
836  932
836  1028
836  1124
837  838
837  839
837  840
837  861
837  933
837  1029
837  1125
838  839
838  840
838  862
838  934
838  1030
838  1126
839  840
839  863
839  935
839  1031
839  1127
840  864
840  936
840  1032
840  1128
841  842
841  843
841  844
841  845
841  846
841  847
841  853
841  859
841  937
841  1033
841  1129
842  843
842  844
842  845
842  846
842  848
842  854
842  860
842  938
842  1034
842  1130
843  844
843  845
843  846
843  849
843  855
843  861
843  939
843  1035
843  1131
844  845
844  846
844  850
844  856
844  862
844  940
844  1036
844  1132
845  846
845  851
845  857
845  863
845  941
845  1037
845  1133
846  852
846  858
846  864
846  942
846  1038
846  1134
847  848
847  849
847  850
847  851
847  852
847  853
847  859
847  943
847  1039
847  1135
848  849
848  850
848  851
848  852
848  854
848  860
848  944
848  1040
848  1136
849  850
849  851
849  852
849  855
849  861
849  945
849  1041
849  1137
850  851
850  852
850  856
850  862
850  946
850  1042
850  1138
851  852
851  857
851  863
851  947
851  1043
851  1139
852  858
852  864
852  948
852  1044
852  1140
853  854
853  855
853  856
853  857
853  858
853  859
853  949
853  1045
853  1141
854  855
854  856
854  857
854  858
854  860
854  950
854  1046
854  1142
855  856
855  857
855  858
855  861
855  951
855  1047
855  1143
856  857
856  858
856  862
856  952
856  1048
856  1144
857  858
857  863
857  953
857  1049
857  1145
858  864
858  954
858  1050
858  1146
859  860
859  861
859  862
859  863
859  864
859  955
859  1051
859  1147
860  861
860  862
860  863
860  864
860  956
860  1052
860  1148
861  862
861  863
861  864
861  957
861  1053
861  1149
862  863
862  864
862  958
862  1054
862  1150
863  864
863  959
863  1055
863  1151
864  960
864  1056
864  1152
865  866
865  867
865  868
865  869
865  870
865  871
865  877
865  883
865  889
865  913
865  937
865  961
865  1057
866  867
866  868
866  869
866  870
866  872
866  878
866  884
866  890
866  914
866  938
866  962
866  1058
867  868
867  869
867  870
867  873
867  879
867  885
867  891
867  915
867  939
867  963
867  1059
868  869
868  870
868  874
868  880
868  886
868  892
868  916
868  940
868  964
868  1060
869  870
869  875
869  881
869  887
869  893
869  917
869  941
869  965
869  1061
870  876
870  882
870  888
870  894
870  918
870  942
870  966
870  1062
871  872
871  873
871  874
871  875
871  876
871  877
871  883
871  895
871  919
871  943
871  967
871  1063
872  873
872  874
872  875
872  876
872  878
872  884
872  896
872  920
872  944
872  968
872  1064
873  874
873  875
873  876
873  879
873  885
873  897
873  921
873  945
873  969
873  1065
874  875
874  876
874  880
874  886
874  898
874  922
874  946
874  970
874  1066
875  876
875  881
875  887
875  899
875  923
875  947
875  971
875  1067
876  882
876  888
876  900
876  924
876  948
876  972
876  1068
877  878
877  879
877  880
877  881
877  882
877  883
877  901
877  925
877  949
877  973
877  1069
878  879
878  880
878  881
878  882
878  884
878  902
878  926
878  950
878  974
878  1070
879  880
879  881
879  882
879  885
879  903
879  927
879  951
879  975
879  1071
880  881
880  882
880  886
880  904
880  928
880  952
880  976
880  1072
881  882
881  887
881  905
881  929
881  953
881  977
881  1073
882  888
882  906
882  930
882  954
882  978
882  1074
883  884
883  885
883  886
883  887
883  888
883  907
883  931
883  955
883  979
883  1075
884  885
884  886
884  887
884  888
884  908
884  932
884  956
884  980
884  1076
885  886
885  887
885  888
885  909
885  933
885  957
885  981
885  1077
886  887
886  888
886  910
886  934
886  958
886  982
886  1078
887  888
887  911
887  935
887  959
887  983
887  1079
888  912
888  936
888  960
888  984
888  1080
889  890
889  891
889  892
889  893
889  894
889  895
889  901
889  907
889  913
889  937
889  985
889  1081
890  891
890  892
890  893
890  894
890  896
890  902
890  908
890  914
890  938
890  986
890  1082
891  892
891  893
891  894
891  897
891  903
891  909
891  915
891  939
891  987
891  1083
892  893
892  894
892  898
892  904
892  910
892  916
892  940
892  988
892  1084
893  894
893  899
893  905
893  911
893  917
893  941
893  989
893  1085
894  900
894  906
894  912
894  918
894  942
894  990
894  1086
895  896
895  897
895  898
895  899
895  900
895  901
895  907
895  919
895  943
895  991
895  1087
896  897
896  898
896  899
896  900
896  902
896  908
896  920
896  944
896  992
896  1088
897  898
897  899
897  900
897  903
897  909
897  921
897  945
897  993
897  1089
898  899
898  900
898  904
898  910
898  922
898  946
898  994
898  1090
899  900
899  905
899  911
899  923
899  947
899  995
899  1091
900  906
900  912
900  924
900  948
900  996
900  1092
901  902
901  903
901  904
901  905
901  906
901  907
901  925
901  949
901  997
901  1093
902  903
902  904
902  905
902  906
902  908
902  926
902  950
902  998
902  1094
903  904
903  905
903  906
903  909
903  927
903  951
903  999
903  1095
904  905
904  906
904  910
904  928
904  952
904  1000
904  1096
905  906
905  911
905  929
905  953
905  1001
905  1097
906  912
906  930
906  954
906  1002
906  1098
907  908
907  909
907  910
907  911
907  912
907  931
907  955
907  1003
907  1099
908  909
908  910
908  911
908  912
908  932
908  956
908  1004
908  1100
909  910
909  911
909  912
909  933
909  957
909  1005
909  1101
910  911
910  912
910  934
910  958
910  1006
910  1102
911  912
911  935
911  959
911  1007
911  1103
912  936
912  960
912  1008
912  1104
913  914
913  915
913  916
913  917
913  918
913  919
913  925
913  931
913  937
913  1009
913  1105
914  915
914  916
914  917
914  918
914  920
914  926
914  932
914  938
914  1010
914  1106
915  916
915  917
915  918
915  921
915  927
915  933
915  939
915  1011
915  1107
916  917
916  918
916  922
916  928
916  934
916  940
916  1012
916  1108
917  918
917  923
917  929
917  935
917  941
917  1013
917  1109
918  924
918  930
918  936
918  942
918  1014
918  1110
919  920
919  921
919  922
919  923
919  924
919  925
919  931
919  943
919  1015
919  1111
920  921
920  922
920  923
920  924
920  926
920  932
920  944
920  1016
920  1112
921  922
921  923
921  924
921  927
921  933
921  945
921  1017
921  1113
922  923
922  924
922  928
922  934
922  946
922  1018
922  1114
923  924
923  929
923  935
923  947
923  1019
923  1115
924  930
924  936
924  948
924  1020
924  1116
925  926
925  927
925  928
925  929
925  930
925  931
925  949
925  1021
925  1117
926  927
926  928
926  929
926  930
926  932
926  950
926  1022
926  1118
927  928
927  929
927  930
927  933
927  951
927  1023
927  1119
928  929
928  930
928  934
928  952
928  1024
928  1120
929  930
929  935
929  953
929  1025
929  1121
930  936
930  954
930  1026
930  1122
931  932
931  933
931  934
931  935
931  936
931  955
931  1027
931  1123
932  933
932  934
932  935
932  936
932  956
932  1028
932  1124
933  934
933  935
933  936
933  957
933  1029
933  1125
934  935
934  936
934  958
934  1030
934  1126
935  936
935  959
935  1031
935  1127
936  960
936  1032
936  1128
937  938
937  939
937  940
937  941
937  942
937  943
937  949
937  955
937  1033
937  1129
938  939
938  940
938  941
938  942
938  944
938  950
938  956
938  1034
938  1130
939  940
939  941
939  942
939  945
939  951
939  957
939  1035
939  1131
940  941
940  942
940  946
940  952
940  958
940  1036
940  1132
941  942
941  947
941  953
941  959
941  1037
941  1133
942  948
942  954
942  960
942  1038
942  1134
943  944
943  945
943  946
943  947
943  948
943  949
943  955
943  1039
943  1135
944  945
944  946
944  947
944  948
944  950
944  956
944  1040
944  1136
945  946
945  947
945  948
945  951
945  957
945  1041
945  1137
946  947
946  948
946  952
946  958
946  1042
946  1138
947  948
947  953
947  959
947  1043
947  1139
948  954
948  960
948  1044
948  1140
949  950
949  951
949  952
949  953
949  954
949  955
949  1045
949  1141
950  951
950  952
950  953
950  954
950  956
950  1046
950  1142
951  952
951  953
951  954
951  957
951  1047
951  1143
952  953
952  954
952  958
952  1048
952  1144
953  954
953  959
953  1049
953  1145
954  960
954  1050
954  1146
955  956
955  957
955  958
955  959
955  960
955  1051
955  1147
956  957
956  958
956  959
956  960
956  1052
956  1148
957  958
957  959
957  960
957  1053
957  1149
958  959
958  960
958  1054
958  1150
959  960
959  1055
959  1151
960  1056
960  1152
961  962
961  963
961  964
961  965
961  966
961  967
961  973
961  979
961  985
961  1009
961  1033
961  1057
962  963
962  964
962  965
962  966
962  968
962  974
962  980
962  986
962  1010
962  1034
962  1058
963  964
963  965
963  966
963  969
963  975
963  981
963  987
963  1011
963  1035
963  1059
964  965
964  966
964  970
964  976
964  982
964  988
964  1012
964  1036
964  1060
965  966
965  971
965  977
965  983
965  989
965  1013
965  1037
965  1061
966  972
966  978
966  984
966  990
966  1014
966  1038
966  1062
967  968
967  969
967  970
967  971
967  972
967  973
967  979
967  991
967  1015
967  1039
967  1063
968  969
968  970
968  971
968  972
968  974
968  980
968  992
968  1016
968  1040
968  1064
969  970
969  971
969  972
969  975
969  981
969  993
969  1017
969  1041
969  1065
970  971
970  972
970  976
970  982
970  994
970  1018
970  1042
970  1066
971  972
971  977
971  983
971  995
971  1019
971  1043
971  1067
972  978
972  984
972  996
972  1020
972  1044
972  1068
973  974
973  975
973  976
973  977
973  978
973  979
973  997
973  1021
973  1045
973  1069
974  975
974  976
974  977
974  978
974  980
974  998
974  1022
974  1046
974  1070
975  976
975  977
975  978
975  981
975  999
975  1023
975  1047
975  1071
976  977
976  978
976  982
976  1000
976  1024
976  1048
976  1072
977  978
977  983
977  1001
977  1025
977  1049
977  1073
978  984
978  1002
978  1026
978  1050
978  1074
979  980
979  981
979  982
979  983
979  984
979  1003
979  1027
979  1051
979  1075
980  981
980  982
980  983
980  984
980  1004
980  1028
980  1052
980  1076
981  982
981  983
981  984
981  1005
981  1029
981  1053
981  1077
982  983
982  984
982  1006
982  1030
982  1054
982  1078
983  984
983  1007
983  1031
983  1055
983  1079
984  1008
984  1032
984  1056
984  1080
985  986
985  987
985  988
985  989
985  990
985  991
985  997
985  1003
985  1009
985  1033
985  1081
986  987
986  988
986  989
986  990
986  992
986  998
986  1004
986  1010
986  1034
986  1082
987  988
987  989
987  990
987  993
987  999
987  1005
987  1011
987  1035
987  1083
988  989
988  990
988  994
988  1000
988  1006
988  1012
988  1036
988  1084
989  990
989  995
989  1001
989  1007
989  1013
989  1037
989  1085
990  996
990  1002
990  1008
990  1014
990  1038
990  1086
991  992
991  993
991  994
991  995
991  996
991  997
991  1003
991  1015
991  1039
991  1087
992  993
992  994
992  995
992  996
992  998
992  1004
992  1016
992  1040
992  1088
993  994
993  995
993  996
993  999
993  1005
993  1017
993  1041
993  1089
994  995
994  996
994  1000
994  1006
994  1018
994  1042
994  1090
995  996
995  1001
995  1007
995  1019
995  1043
995  1091
996  1002
996  1008
996  1020
996  1044
996  1092
997  998
997  999
997  1000
997  1001
997  1002
997  1003
997  1021
997  1045
997  1093
998  999
998  1000
998  1001
998  1002
998  1004
998  1022
998  1046
998  1094
999  1000
999  1001
999  1002
999  1005
999  1023
999  1047
999  1095
1000  1001
1000  1002
1000  1006
1000  1024
1000  1048
1000  1096
1001  1002
1001  1007
1001  1025
1001  1049
1001  1097
1002  1008
1002  1026
1002  1050
1002  1098
1003  1004
1003  1005
1003  1006
1003  1007
1003  1008
1003  1027
1003  1051
1003  1099
1004  1005
1004  1006
1004  1007
1004  1008
1004  1028
1004  1052
1004  1100
1005  1006
1005  1007
1005  1008
1005  1029
1005  1053
1005  1101
1006  1007
1006  1008
1006  1030
1006  1054
1006  1102
1007  1008
1007  1031
1007  1055
1007  1103
1008  1032
1008  1056
1008  1104
1009  1010
1009  1011
1009  1012
1009  1013
1009  1014
1009  1015
1009  1021
1009  1027
1009  1033
1009  1105
1010  1011
1010  1012
1010  1013
1010  1014
1010  1016
1010  1022
1010  1028
1010  1034
1010  1106
1011  1012
1011  1013
1011  1014
1011  1017
1011  1023
1011  1029
1011  1035
1011  1107
1012  1013
1012  1014
1012  1018
1012  1024
1012  1030
1012  1036
1012  1108
1013  1014
1013  1019
1013  1025
1013  1031
1013  1037
1013  1109
1014  1020
1014  1026
1014  1032
1014  1038
1014  1110
1015  1016
1015  1017
1015  1018
1015  1019
1015  1020
1015  1021
1015  1027
1015  1039
1015  1111
1016  1017
1016  1018
1016  1019
1016  1020
1016  1022
1016  1028
1016  1040
1016  1112
1017  1018
1017  1019
1017  1020
1017  1023
1017  1029
1017  1041
1017  1113
1018  1019
1018  1020
1018  1024
1018  1030
1018  1042
1018  1114
1019  1020
1019  1025
1019  1031
1019  1043
1019  1115
1020  1026
1020  1032
1020  1044
1020  1116
1021  1022
1021  1023
1021  1024
1021  1025
1021  1026
1021  1027
1021  1045
1021  1117
1022  1023
1022  1024
1022  1025
1022  1026
1022  1028
1022  1046
1022  1118
1023  1024
1023  1025
1023  1026
1023  1029
1023  1047
1023  1119
1024  1025
1024  1026
1024  1030
1024  1048
1024  1120
1025  1026
1025  1031
1025  1049
1025  1121
1026  1032
1026  1050
1026  1122
1027  1028
1027  1029
1027  1030
1027  1031
1027  1032
1027  1051
1027  1123
1028  1029
1028  1030
1028  1031
1028  1032
1028  1052
1028  1124
1029  1030
1029  1031
1029  1032
1029  1053
1029  1125
1030  1031
1030  1032
1030  1054
1030  1126
1031  1032
1031  1055
1031  1127
1032  1056
1032  1128
1033  1034
1033  1035
1033  1036
1033  1037
1033  1038
1033  1039
1033  1045
1033  1051
1033  1129
1034  1035
1034  1036
1034  1037
1034  1038
1034  1040
1034  1046
1034  1052
1034  1130
1035  1036
1035  1037
1035  1038
1035  1041
1035  1047
1035  1053
1035  1131
1036  1037
1036  1038
1036  1042
1036  1048
1036  1054
1036  1132
1037  1038
1037  1043
1037  1049
1037  1055
1037  1133
1038  1044
1038  1050
1038  1056
1038  1134
1039  1040
1039  1041
1039  1042
1039  1043
1039  1044
1039  1045
1039  1051
1039  1135
1040  1041
1040  1042
1040  1043
1040  1044
1040  1046
1040  1052
1040  1136
1041  1042
1041  1043
1041  1044
1041  1047
1041  1053
1041  1137
1042  1043
1042  1044
1042  1048
1042  1054
1042  1138
1043  1044
1043  1049
1043  1055
1043  1139
1044  1050
1044  1056
1044  1140
1045  1046
1045  1047
1045  1048
1045  1049
1045  1050
1045  1051
1045  1141
1046  1047
1046  1048
1046  1049
1046  1050
1046  1052
1046  1142
1047  1048
1047  1049
1047  1050
1047  1053
1047  1143
1048  1049
1048  1050
1048  1054
1048  1144
1049  1050
1049  1055
1049  1145
1050  1056
1050  1146
1051  1052
1051  1053
1051  1054
1051  1055
1051  1056
1051  1147
1052  1053
1052  1054
1052  1055
1052  1056
1052  1148
1053  1054
1053  1055
1053  1056
1053  1149
1054  1055
1054  1056
1054  1150
1055  1056
1055  1151
1056  1152
1057  1058
1057  1059
1057  1060
1057  1061
1057  1062
1057  1063
1057  1069
1057  1075
1057  1081
1057  1105
1057  1129
1058  1059
1058  1060
1058  1061
1058  1062
1058  1064
1058  1070
1058  1076
1058  1082
1058  1106
1058  1130
1059  1060
1059  1061
1059  1062
1059  1065
1059  1071
1059  1077
1059  1083
1059  1107
1059  1131
1060  1061
1060  1062
1060  1066
1060  1072
1060  1078
1060  1084
1060  1108
1060  1132
1061  1062
1061  1067
1061  1073
1061  1079
1061  1085
1061  1109
1061  1133
1062  1068
1062  1074
1062  1080
1062  1086
1062  1110
1062  1134
1063  1064
1063  1065
1063  1066
1063  1067
1063  1068
1063  1069
1063  1075
1063  1087
1063  1111
1063  1135
1064  1065
1064  1066
1064  1067
1064  1068
1064  1070
1064  1076
1064  1088
1064  1112
1064  1136
1065  1066
1065  1067
1065  1068
1065  1071
1065  1077
1065  1089
1065  1113
1065  1137
1066  1067
1066  1068
1066  1072
1066  1078
1066  1090
1066  1114
1066  1138
1067  1068
1067  1073
1067  1079
1067  1091
1067  1115
1067  1139
1068  1074
1068  1080
1068  1092
1068  1116
1068  1140
1069  1070
1069  1071
1069  1072
1069  1073
1069  1074
1069  1075
1069  1093
1069  1117
1069  1141
1070  1071
1070  1072
1070  1073
1070  1074
1070  1076
1070  1094
1070  1118
1070  1142
1071  1072
1071  1073
1071  1074
1071  1077
1071  1095
1071  1119
1071  1143
1072  1073
1072  1074
1072  1078
1072  1096
1072  1120
1072  1144
1073  1074
1073  1079
1073  1097
1073  1121
1073  1145
1074  1080
1074  1098
1074  1122
1074  1146
1075  1076
1075  1077
1075  1078
1075  1079
1075  1080
1075  1099
1075  1123
1075  1147
1076  1077
1076  1078
1076  1079
1076  1080
1076  1100
1076  1124
1076  1148
1077  1078
1077  1079
1077  1080
1077  1101
1077  1125
1077  1149
1078  1079
1078  1080
1078  1102
1078  1126
1078  1150
1079  1080
1079  1103
1079  1127
1079  1151
1080  1104
1080  1128
1080  1152
1081  1082
1081  1083
1081  1084
1081  1085
1081  1086
1081  1087
1081  1093
1081  1099
1081  1105
1081  1129
1082  1083
1082  1084
1082  1085
1082  1086
1082  1088
1082  1094
1082  1100
1082  1106
1082  1130
1083  1084
1083  1085
1083  1086
1083  1089
1083  1095
1083  1101
1083  1107
1083  1131
1084  1085
1084  1086
1084  1090
1084  1096
1084  1102
1084  1108
1084  1132
1085  1086
1085  1091
1085  1097
1085  1103
1085  1109
1085  1133
1086  1092
1086  1098
1086  1104
1086  1110
1086  1134
1087  1088
1087  1089
1087  1090
1087  1091
1087  1092
1087  1093
1087  1099
1087  1111
1087  1135
1088  1089
1088  1090
1088  1091
1088  1092
1088  1094
1088  1100
1088  1112
1088  1136
1089  1090
1089  1091
1089  1092
1089  1095
1089  1101
1089  1113
1089  1137
1090  1091
1090  1092
1090  1096
1090  1102
1090  1114
1090  1138
1091  1092
1091  1097
1091  1103
1091  1115
1091  1139
1092  1098
1092  1104
1092  1116
1092  1140
1093  1094
1093  1095
1093  1096
1093  1097
1093  1098
1093  1099
1093  1117
1093  1141
1094  1095
1094  1096
1094  1097
1094  1098
1094  1100
1094  1118
1094  1142
1095  1096
1095  1097
1095  1098
1095  1101
1095  1119
1095  1143
1096  1097
1096  1098
1096  1102
1096  1120
1096  1144
1097  1098
1097  1103
1097  1121
1097  1145
1098  1104
1098  1122
1098  1146
1099  1100
1099  1101
1099  1102
1099  1103
1099  1104
1099  1123
1099  1147
1100  1101
1100  1102
1100  1103
1100  1104
1100  1124
1100  1148
1101  1102
1101  1103
1101  1104
1101  1125
1101  1149
1102  1103
1102  1104
1102  1126
1102  1150
1103  1104
1103  1127
1103  1151
1104  1128
1104  1152
1105  1106
1105  1107
1105  1108
1105  1109
1105  1110
1105  1111
1105  1117
1105  1123
1105  1129
1106  1107
1106  1108
1106  1109
1106  1110
1106  1112
1106  1118
1106  1124
1106  1130
1107  1108
1107  1109
1107  1110
1107  1113
1107  1119
1107  1125
1107  1131
1108  1109
1108  1110
1108  1114
1108  1120
1108  1126
1108  1132
1109  1110
1109  1115
1109  1121
1109  1127
1109  1133
1110  1116
1110  1122
1110  1128
1110  1134
1111  1112
1111  1113
1111  1114
1111  1115
1111  1116
1111  1117
1111  1123
1111  1135
1112  1113
1112  1114
1112  1115
1112  1116
1112  1118
1112  1124
1112  1136
1113  1114
1113  1115
1113  1116
1113  1119
1113  1125
1113  1137
1114  1115
1114  1116
1114  1120
1114  1126
1114  1138
1115  1116
1115  1121
1115  1127
1115  1139
1116  1122
1116  1128
1116  1140
1117  1118
1117  1119
1117  1120
1117  1121
1117  1122
1117  1123
1117  1141
1118  1119
1118  1120
1118  1121
1118  1122
1118  1124
1118  1142
1119  1120
1119  1121
1119  1122
1119  1125
1119  1143
1120  1121
1120  1122
1120  1126
1120  1144
1121  1122
1121  1127
1121  1145
1122  1128
1122  1146
1123  1124
1123  1125
1123  1126
1123  1127
1123  1128
1123  1147
1124  1125
1124  1126
1124  1127
1124  1128
1124  1148
1125  1126
1125  1127
1125  1128
1125  1149
1126  1127
1126  1128
1126  1150
1127  1128
1127  1151
1128  1152
1129  1130
1129  1131
1129  1132
1129  1133
1129  1134
1129  1135
1129  1141
1129  1147
1130  1131
1130  1132
1130  1133
1130  1134
1130  1136
1130  1142
1130  1148
1131  1132
1131  1133
1131  1134
1131  1137
1131  1143
1131  1149
1132  1133
1132  1134
1132  1138
1132  1144
1132  1150
1133  1134
1133  1139
1133  1145
1133  1151
1134  1140
1134  1146
1134  1152
1135  1136
1135  1137
1135  1138
1135  1139
1135  1140
1135  1141
1135  1147
1136  1137
1136  1138
1136  1139
1136  1140
1136  1142
1136  1148
1137  1138
1137  1139
1137  1140
1137  1143
1137  1149
1138  1139
1138  1140
1138  1144
1138  1150
1139  1140
1139  1145
1139  1151
1140  1146
1140  1152
1141  1142
1141  1143
1141  1144
1141  1145
1141  1146
1141  1147
1142  1143
1142  1144
1142  1145
1142  1146
1142  1148
1143  1144
1143  1145
1143  1146
1143  1149
1144  1145
1144  1146
1144  1150
1145  1146
1145  1151
1146  1152
1147  1148
1147  1149
1147  1150
1147  1151
1147  1152
1148  1149
1148  1150
1148  1151
1148  1152
1149  1150
1149  1151
1149  1152
1150  1151
1150  1152
1151  1152
