Problem name: hamming2x3x5x6x6.txt 	 Optimal solution = 179
1080 1080 9180
1  2
1  3
1  4
1  5
1  6
1  7
1  13
1  19
1  25
1  31
1  37
1  73
1  109
1  145
1  181
1  361
1  541
2  3
2  4
2  5
2  6
2  8
2  14
2  20
2  26
2  32
2  38
2  74
2  110
2  146
2  182
2  362
2  542
3  4
3  5
3  6
3  9
3  15
3  21
3  27
3  33
3  39
3  75
3  111
3  147
3  183
3  363
3  543
4  5
4  6
4  10
4  16
4  22
4  28
4  34
4  40
4  76
4  112
4  148
4  184
4  364
4  544
5  6
5  11
5  17
5  23
5  29
5  35
5  41
5  77
5  113
5  149
5  185
5  365
5  545
6  12
6  18
6  24
6  30
6  36
6  42
6  78
6  114
6  150
6  186
6  366
6  546
7  8
7  9
7  10
7  11
7  12
7  13
7  19
7  25
7  31
7  43
7  79
7  115
7  151
7  187
7  367
7  547
8  9
8  10
8  11
8  12
8  14
8  20
8  26
8  32
8  44
8  80
8  116
8  152
8  188
8  368
8  548
9  10
9  11
9  12
9  15
9  21
9  27
9  33
9  45
9  81
9  117
9  153
9  189
9  369
9  549
10  11
10  12
10  16
10  22
10  28
10  34
10  46
10  82
10  118
10  154
10  190
10  370
10  550
11  12
11  17
11  23
11  29
11  35
11  47
11  83
11  119
11  155
11  191
11  371
11  551
12  18
12  24
12  30
12  36
12  48
12  84
12  120
12  156
12  192
12  372
12  552
13  14
13  15
13  16
13  17
13  18
13  19
13  25
13  31
13  49
13  85
13  121
13  157
13  193
13  373
13  553
14  15
14  16
14  17
14  18
14  20
14  26
14  32
14  50
14  86
14  122
14  158
14  194
14  374
14  554
15  16
15  17
15  18
15  21
15  27
15  33
15  51
15  87
15  123
15  159
15  195
15  375
15  555
16  17
16  18
16  22
16  28
16  34
16  52
16  88
16  124
16  160
16  196
16  376
16  556
17  18
17  23
17  29
17  35
17  53
17  89
17  125
17  161
17  197
17  377
17  557
18  24
18  30
18  36
18  54
18  90
18  126
18  162
18  198
18  378
18  558
19  20
19  21
19  22
19  23
19  24
19  25
19  31
19  55
19  91
19  127
19  163
19  199
19  379
19  559
20  21
20  22
20  23
20  24
20  26
20  32
20  56
20  92
20  128
20  164
20  200
20  380
20  560
21  22
21  23
21  24
21  27
21  33
21  57
21  93
21  129
21  165
21  201
21  381
21  561
22  23
22  24
22  28
22  34
22  58
22  94
22  130
22  166
22  202
22  382
22  562
23  24
23  29
23  35
23  59
23  95
23  131
23  167
23  203
23  383
23  563
24  30
24  36
24  60
24  96
24  132
24  168
24  204
24  384
24  564
25  26
25  27
25  28
25  29
25  30
25  31
25  61
25  97
25  133
25  169
25  205
25  385
25  565
26  27
26  28
26  29
26  30
26  32
26  62
26  98
26  134
26  170
26  206
26  386
26  566
27  28
27  29
27  30
27  33
27  63
27  99
27  135
27  171
27  207
27  387
27  567
28  29
28  30
28  34
28  64
28  100
28  136
28  172
28  208
28  388
28  568
29  30
29  35
29  65
29  101
29  137
29  173
29  209
29  389
29  569
30  36
30  66
30  102
30  138
30  174
30  210
30  390
30  570
31  32
31  33
31  34
31  35
31  36
31  67
31  103
31  139
31  175
31  211
31  391
31  571
32  33
32  34
32  35
32  36
32  68
32  104
32  140
32  176
32  212
32  392
32  572
33  34
33  35
33  36
33  69
33  105
33  141
33  177
33  213
33  393
33  573
34  35
34  36
34  70
34  106
34  142
34  178
34  214
34  394
34  574
35  36
35  71
35  107
35  143
35  179
35  215
35  395
35  575
36  72
36  108
36  144
36  180
36  216
36  396
36  576
37  38
37  39
37  40
37  41
37  42
37  43
37  49
37  55
37  61
37  67
37  73
37  109
37  145
37  217
37  397
37  577
38  39
38  40
38  41
38  42
38  44
38  50
38  56
38  62
38  68
38  74
38  110
38  146
38  218
38  398
38  578
39  40
39  41
39  42
39  45
39  51
39  57
39  63
39  69
39  75
39  111
39  147
39  219
39  399
39  579
40  41
40  42
40  46
40  52
40  58
40  64
40  70
40  76
40  112
40  148
40  220
40  400
40  580
41  42
41  47
41  53
41  59
41  65
41  71
41  77
41  113
41  149
41  221
41  401
41  581
42  48
42  54
42  60
42  66
42  72
42  78
42  114
42  150
42  222
42  402
42  582
43  44
43  45
43  46
43  47
43  48
43  49
43  55
43  61
43  67
43  79
43  115
43  151
43  223
43  403
43  583
44  45
44  46
44  47
44  48
44  50
44  56
44  62
44  68
44  80
44  116
44  152
44  224
44  404
44  584
45  46
45  47
45  48
45  51
45  57
45  63
45  69
45  81
45  117
45  153
45  225
45  405
45  585
46  47
46  48
46  52
46  58
46  64
46  70
46  82
46  118
46  154
46  226
46  406
46  586
47  48
47  53
47  59
47  65
47  71
47  83
47  119
47  155
47  227
47  407
47  587
48  54
48  60
48  66
48  72
48  84
48  120
48  156
48  228
48  408
48  588
49  50
49  51
49  52
49  53
49  54
49  55
49  61
49  67
49  85
49  121
49  157
49  229
49  409
49  589
50  51
50  52
50  53
50  54
50  56
50  62
50  68
50  86
50  122
50  158
50  230
50  410
50  590
51  52
51  53
51  54
51  57
51  63
51  69
51  87
51  123
51  159
51  231
51  411
51  591
52  53
52  54
52  58
52  64
52  70
52  88
52  124
52  160
52  232
52  412
52  592
53  54
53  59
53  65
53  71
53  89
53  125
53  161
53  233
53  413
53  593
54  60
54  66
54  72
54  90
54  126
54  162
54  234
54  414
54  594
55  56
55  57
55  58
55  59
55  60
55  61
55  67
55  91
55  127
55  163
55  235
55  415
55  595
56  57
56  58
56  59
56  60
56  62
56  68
56  92
56  128
56  164
56  236
56  416
56  596
57  58
57  59
57  60
57  63
57  69
57  93
57  129
57  165
57  237
57  417
57  597
58  59
58  60
58  64
58  70
58  94
58  130
58  166
58  238
58  418
58  598
59  60
59  65
59  71
59  95
59  131
59  167
59  239
59  419
59  599
60  66
60  72
60  96
60  132
60  168
60  240
60  420
60  600
61  62
61  63
61  64
61  65
61  66
61  67
61  97
61  133
61  169
61  241
61  421
61  601
62  63
62  64
62  65
62  66
62  68
62  98
62  134
62  170
62  242
62  422
62  602
63  64
63  65
63  66
63  69
63  99
63  135
63  171
63  243
63  423
63  603
64  65
64  66
64  70
64  100
64  136
64  172
64  244
64  424
64  604
65  66
65  71
65  101
65  137
65  173
65  245
65  425
65  605
66  72
66  102
66  138
66  174
66  246
66  426
66  606
67  68
67  69
67  70
67  71
67  72
67  103
67  139
67  175
67  247
67  427
67  607
68  69
68  70
68  71
68  72
68  104
68  140
68  176
68  248
68  428
68  608
69  70
69  71
69  72
69  105
69  141
69  177
69  249
69  429
69  609
70  71
70  72
70  106
70  142
70  178
70  250
70  430
70  610
71  72
71  107
71  143
71  179
71  251
71  431
71  611
72  108
72  144
72  180
72  252
72  432
72  612
73  74
73  75
73  76
73  77
73  78
73  79
73  85
73  91
73  97
73  103
73  109
73  145
73  253
73  433
73  613
74  75
74  76
74  77
74  78
74  80
74  86
74  92
74  98
74  104
74  110
74  146
74  254
74  434
74  614
75  76
75  77
75  78
75  81
75  87
75  93
75  99
75  105
75  111
75  147
75  255
75  435
75  615
76  77
76  78
76  82
76  88
76  94
76  100
76  106
76  112
76  148
76  256
76  436
76  616
77  78
77  83
77  89
77  95
77  101
77  107
77  113
77  149
77  257
77  437
77  617
78  84
78  90
78  96
78  102
78  108
78  114
78  150
78  258
78  438
78  618
79  80
79  81
79  82
79  83
79  84
79  85
79  91
79  97
79  103
79  115
79  151
79  259
79  439
79  619
80  81
80  82
80  83
80  84
80  86
80  92
80  98
80  104
80  116
80  152
80  260
80  440
80  620
81  82
81  83
81  84
81  87
81  93
81  99
81  105
81  117
81  153
81  261
81  441
81  621
82  83
82  84
82  88
82  94
82  100
82  106
82  118
82  154
82  262
82  442
82  622
83  84
83  89
83  95
83  101
83  107
83  119
83  155
83  263
83  443
83  623
84  90
84  96
84  102
84  108
84  120
84  156
84  264
84  444
84  624
85  86
85  87
85  88
85  89
85  90
85  91
85  97
85  103
85  121
85  157
85  265
85  445
85  625
86  87
86  88
86  89
86  90
86  92
86  98
86  104
86  122
86  158
86  266
86  446
86  626
87  88
87  89
87  90
87  93
87  99
87  105
87  123
87  159
87  267
87  447
87  627
88  89
88  90
88  94
88  100
88  106
88  124
88  160
88  268
88  448
88  628
89  90
89  95
89  101
89  107
89  125
89  161
89  269
89  449
89  629
90  96
90  102
90  108
90  126
90  162
90  270
90  450
90  630
91  92
91  93
91  94
91  95
91  96
91  97
91  103
91  127
91  163
91  271
91  451
91  631
92  93
92  94
92  95
92  96
92  98
92  104
92  128
92  164
92  272
92  452
92  632
93  94
93  95
93  96
93  99
93  105
93  129
93  165
93  273
93  453
93  633
94  95
94  96
94  100
94  106
94  130
94  166
94  274
94  454
94  634
95  96
95  101
95  107
95  131
95  167
95  275
95  455
95  635
96  102
96  108
96  132
96  168
96  276
96  456
96  636
97  98
97  99
97  100
97  101
97  102
97  103
97  133
97  169
97  277
97  457
97  637
98  99
98  100
98  101
98  102
98  104
98  134
98  170
98  278
98  458
98  638
99  100
99  101
99  102
99  105
99  135
99  171
99  279
99  459
99  639
100  101
100  102
100  106
100  136
100  172
100  280
100  460
100  640
101  102
101  107
101  137
101  173
101  281
101  461
101  641
102  108
102  138
102  174
102  282
102  462
102  642
103  104
103  105
103  106
103  107
103  108
103  139
103  175
103  283
103  463
103  643
104  105
104  106
104  107
104  108
104  140
104  176
104  284
104  464
104  644
105  106
105  107
105  108
105  141
105  177
105  285
105  465
105  645
106  107
106  108
106  142
106  178
106  286
106  466
106  646
107  108
107  143
107  179
107  287
107  467
107  647
108  144
108  180
108  288
108  468
108  648
109  110
109  111
109  112
109  113
109  114
109  115
109  121
109  127
109  133
109  139
109  145
109  289
109  469
109  649
110  111
110  112
110  113
110  114
110  116
110  122
110  128
110  134
110  140
110  146
110  290
110  470
110  650
111  112
111  113
111  114
111  117
111  123
111  129
111  135
111  141
111  147
111  291
111  471
111  651
112  113
112  114
112  118
112  124
112  130
112  136
112  142
112  148
112  292
112  472
112  652
113  114
113  119
113  125
113  131
113  137
113  143
113  149
113  293
113  473
113  653
114  120
114  126
114  132
114  138
114  144
114  150
114  294
114  474
114  654
115  116
115  117
115  118
115  119
115  120
115  121
115  127
115  133
115  139
115  151
115  295
115  475
115  655
116  117
116  118
116  119
116  120
116  122
116  128
116  134
116  140
116  152
116  296
116  476
116  656
117  118
117  119
117  120
117  123
117  129
117  135
117  141
117  153
117  297
117  477
117  657
118  119
118  120
118  124
118  130
118  136
118  142
118  154
118  298
118  478
118  658
119  120
119  125
119  131
119  137
119  143
119  155
119  299
119  479
119  659
120  126
120  132
120  138
120  144
120  156
120  300
120  480
120  660
121  122
121  123
121  124
121  125
121  126
121  127
121  133
121  139
121  157
121  301
121  481
121  661
122  123
122  124
122  125
122  126
122  128
122  134
122  140
122  158
122  302
122  482
122  662
123  124
123  125
123  126
123  129
123  135
123  141
123  159
123  303
123  483
123  663
124  125
124  126
124  130
124  136
124  142
124  160
124  304
124  484
124  664
125  126
125  131
125  137
125  143
125  161
125  305
125  485
125  665
126  132
126  138
126  144
126  162
126  306
126  486
126  666
127  128
127  129
127  130
127  131
127  132
127  133
127  139
127  163
127  307
127  487
127  667
128  129
128  130
128  131
128  132
128  134
128  140
128  164
128  308
128  488
128  668
129  130
129  131
129  132
129  135
129  141
129  165
129  309
129  489
129  669
130  131
130  132
130  136
130  142
130  166
130  310
130  490
130  670
131  132
131  137
131  143
131  167
131  311
131  491
131  671
132  138
132  144
132  168
132  312
132  492
132  672
133  134
133  135
133  136
133  137
133  138
133  139
133  169
133  313
133  493
133  673
134  135
134  136
134  137
134  138
134  140
134  170
134  314
134  494
134  674
135  136
135  137
135  138
135  141
135  171
135  315
135  495
135  675
136  137
136  138
136  142
136  172
136  316
136  496
136  676
137  138
137  143
137  173
137  317
137  497
137  677
138  144
138  174
138  318
138  498
138  678
139  140
139  141
139  142
139  143
139  144
139  175
139  319
139  499
139  679
140  141
140  142
140  143
140  144
140  176
140  320
140  500
140  680
141  142
141  143
141  144
141  177
141  321
141  501
141  681
142  143
142  144
142  178
142  322
142  502
142  682
143  144
143  179
143  323
143  503
143  683
144  180
144  324
144  504
144  684
145  146
145  147
145  148
145  149
145  150
145  151
145  157
145  163
145  169
145  175
145  325
145  505
145  685
146  147
146  148
146  149
146  150
146  152
146  158
146  164
146  170
146  176
146  326
146  506
146  686
147  148
147  149
147  150
147  153
147  159
147  165
147  171
147  177
147  327
147  507
147  687
148  149
148  150
148  154
148  160
148  166
148  172
148  178
148  328
148  508
148  688
149  150
149  155
149  161
149  167
149  173
149  179
149  329
149  509
149  689
150  156
150  162
150  168
150  174
150  180
150  330
150  510
150  690
151  152
151  153
151  154
151  155
151  156
151  157
151  163
151  169
151  175
151  331
151  511
151  691
152  153
152  154
152  155
152  156
152  158
152  164
152  170
152  176
152  332
152  512
152  692
153  154
153  155
153  156
153  159
153  165
153  171
153  177
153  333
153  513
153  693
154  155
154  156
154  160
154  166
154  172
154  178
154  334
154  514
154  694
155  156
155  161
155  167
155  173
155  179
155  335
155  515
155  695
156  162
156  168
156  174
156  180
156  336
156  516
156  696
157  158
157  159
157  160
157  161
157  162
157  163
157  169
157  175
157  337
157  517
157  697
158  159
158  160
158  161
158  162
158  164
158  170
158  176
158  338
158  518
158  698
159  160
159  161
159  162
159  165
159  171
159  177
159  339
159  519
159  699
160  161
160  162
160  166
160  172
160  178
160  340
160  520
160  700
161  162
161  167
161  173
161  179
161  341
161  521
161  701
162  168
162  174
162  180
162  342
162  522
162  702
163  164
163  165
163  166
163  167
163  168
163  169
163  175
163  343
163  523
163  703
164  165
164  166
164  167
164  168
164  170
164  176
164  344
164  524
164  704
165  166
165  167
165  168
165  171
165  177
165  345
165  525
165  705
166  167
166  168
166  172
166  178
166  346
166  526
166  706
167  168
167  173
167  179
167  347
167  527
167  707
168  174
168  180
168  348
168  528
168  708
169  170
169  171
169  172
169  173
169  174
169  175
169  349
169  529
169  709
170  171
170  172
170  173
170  174
170  176
170  350
170  530
170  710
171  172
171  173
171  174
171  177
171  351
171  531
171  711
172  173
172  174
172  178
172  352
172  532
172  712
173  174
173  179
173  353
173  533
173  713
174  180
174  354
174  534
174  714
175  176
175  177
175  178
175  179
175  180
175  355
175  535
175  715
176  177
176  178
176  179
176  180
176  356
176  536
176  716
177  178
177  179
177  180
177  357
177  537
177  717
178  179
178  180
178  358
178  538
178  718
179  180
179  359
179  539
179  719
180  360
180  540
180  720
181  182
181  183
181  184
181  185
181  186
181  187
181  193
181  199
181  205
181  211
181  217
181  253
181  289
181  325
181  361
181  721
182  183
182  184
182  185
182  186
182  188
182  194
182  200
182  206
182  212
182  218
182  254
182  290
182  326
182  362
182  722
183  184
183  185
183  186
183  189
183  195
183  201
183  207
183  213
183  219
183  255
183  291
183  327
183  363
183  723
184  185
184  186
184  190
184  196
184  202
184  208
184  214
184  220
184  256
184  292
184  328
184  364
184  724
185  186
185  191
185  197
185  203
185  209
185  215
185  221
185  257
185  293
185  329
185  365
185  725
186  192
186  198
186  204
186  210
186  216
186  222
186  258
186  294
186  330
186  366
186  726
187  188
187  189
187  190
187  191
187  192
187  193
187  199
187  205
187  211
187  223
187  259
187  295
187  331
187  367
187  727
188  189
188  190
188  191
188  192
188  194
188  200
188  206
188  212
188  224
188  260
188  296
188  332
188  368
188  728
189  190
189  191
189  192
189  195
189  201
189  207
189  213
189  225
189  261
189  297
189  333
189  369
189  729
190  191
190  192
190  196
190  202
190  208
190  214
190  226
190  262
190  298
190  334
190  370
190  730
191  192
191  197
191  203
191  209
191  215
191  227
191  263
191  299
191  335
191  371
191  731
192  198
192  204
192  210
192  216
192  228
192  264
192  300
192  336
192  372
192  732
193  194
193  195
193  196
193  197
193  198
193  199
193  205
193  211
193  229
193  265
193  301
193  337
193  373
193  733
194  195
194  196
194  197
194  198
194  200
194  206
194  212
194  230
194  266
194  302
194  338
194  374
194  734
195  196
195  197
195  198
195  201
195  207
195  213
195  231
195  267
195  303
195  339
195  375
195  735
196  197
196  198
196  202
196  208
196  214
196  232
196  268
196  304
196  340
196  376
196  736
197  198
197  203
197  209
197  215
197  233
197  269
197  305
197  341
197  377
197  737
198  204
198  210
198  216
198  234
198  270
198  306
198  342
198  378
198  738
199  200
199  201
199  202
199  203
199  204
199  205
199  211
199  235
199  271
199  307
199  343
199  379
199  739
200  201
200  202
200  203
200  204
200  206
200  212
200  236
200  272
200  308
200  344
200  380
200  740
201  202
201  203
201  204
201  207
201  213
201  237
201  273
201  309
201  345
201  381
201  741
202  203
202  204
202  208
202  214
202  238
202  274
202  310
202  346
202  382
202  742
203  204
203  209
203  215
203  239
203  275
203  311
203  347
203  383
203  743
204  210
204  216
204  240
204  276
204  312
204  348
204  384
204  744
205  206
205  207
205  208
205  209
205  210
205  211
205  241
205  277
205  313
205  349
205  385
205  745
206  207
206  208
206  209
206  210
206  212
206  242
206  278
206  314
206  350
206  386
206  746
207  208
207  209
207  210
207  213
207  243
207  279
207  315
207  351
207  387
207  747
208  209
208  210
208  214
208  244
208  280
208  316
208  352
208  388
208  748
209  210
209  215
209  245
209  281
209  317
209  353
209  389
209  749
210  216
210  246
210  282
210  318
210  354
210  390
210  750
211  212
211  213
211  214
211  215
211  216
211  247
211  283
211  319
211  355
211  391
211  751
212  213
212  214
212  215
212  216
212  248
212  284
212  320
212  356
212  392
212  752
213  214
213  215
213  216
213  249
213  285
213  321
213  357
213  393
213  753
214  215
214  216
214  250
214  286
214  322
214  358
214  394
214  754
215  216
215  251
215  287
215  323
215  359
215  395
215  755
216  252
216  288
216  324
216  360
216  396
216  756
217  218
217  219
217  220
217  221
217  222
217  223
217  229
217  235
217  241
217  247
217  253
217  289
217  325
217  397
217  757
218  219
218  220
218  221
218  222
218  224
218  230
218  236
218  242
218  248
218  254
218  290
218  326
218  398
218  758
219  220
219  221
219  222
219  225
219  231
219  237
219  243
219  249
219  255
219  291
219  327
219  399
219  759
220  221
220  222
220  226
220  232
220  238
220  244
220  250
220  256
220  292
220  328
220  400
220  760
221  222
221  227
221  233
221  239
221  245
221  251
221  257
221  293
221  329
221  401
221  761
222  228
222  234
222  240
222  246
222  252
222  258
222  294
222  330
222  402
222  762
223  224
223  225
223  226
223  227
223  228
223  229
223  235
223  241
223  247
223  259
223  295
223  331
223  403
223  763
224  225
224  226
224  227
224  228
224  230
224  236
224  242
224  248
224  260
224  296
224  332
224  404
224  764
225  226
225  227
225  228
225  231
225  237
225  243
225  249
225  261
225  297
225  333
225  405
225  765
226  227
226  228
226  232
226  238
226  244
226  250
226  262
226  298
226  334
226  406
226  766
227  228
227  233
227  239
227  245
227  251
227  263
227  299
227  335
227  407
227  767
228  234
228  240
228  246
228  252
228  264
228  300
228  336
228  408
228  768
229  230
229  231
229  232
229  233
229  234
229  235
229  241
229  247
229  265
229  301
229  337
229  409
229  769
230  231
230  232
230  233
230  234
230  236
230  242
230  248
230  266
230  302
230  338
230  410
230  770
231  232
231  233
231  234
231  237
231  243
231  249
231  267
231  303
231  339
231  411
231  771
232  233
232  234
232  238
232  244
232  250
232  268
232  304
232  340
232  412
232  772
233  234
233  239
233  245
233  251
233  269
233  305
233  341
233  413
233  773
234  240
234  246
234  252
234  270
234  306
234  342
234  414
234  774
235  236
235  237
235  238
235  239
235  240
235  241
235  247
235  271
235  307
235  343
235  415
235  775
236  237
236  238
236  239
236  240
236  242
236  248
236  272
236  308
236  344
236  416
236  776
237  238
237  239
237  240
237  243
237  249
237  273
237  309
237  345
237  417
237  777
238  239
238  240
238  244
238  250
238  274
238  310
238  346
238  418
238  778
239  240
239  245
239  251
239  275
239  311
239  347
239  419
239  779
240  246
240  252
240  276
240  312
240  348
240  420
240  780
241  242
241  243
241  244
241  245
241  246
241  247
241  277
241  313
241  349
241  421
241  781
242  243
242  244
242  245
242  246
242  248
242  278
242  314
242  350
242  422
242  782
243  244
243  245
243  246
243  249
243  279
243  315
243  351
243  423
243  783
244  245
244  246
244  250
244  280
244  316
244  352
244  424
244  784
245  246
245  251
245  281
245  317
245  353
245  425
245  785
246  252
246  282
246  318
246  354
246  426
246  786
247  248
247  249
247  250
247  251
247  252
247  283
247  319
247  355
247  427
247  787
248  249
248  250
248  251
248  252
248  284
248  320
248  356
248  428
248  788
249  250
249  251
249  252
249  285
249  321
249  357
249  429
249  789
250  251
250  252
250  286
250  322
250  358
250  430
250  790
251  252
251  287
251  323
251  359
251  431
251  791
252  288
252  324
252  360
252  432
252  792
253  254
253  255
253  256
253  257
253  258
253  259
253  265
253  271
253  277
253  283
253  289
253  325
253  433
253  793
254  255
254  256
254  257
254  258
254  260
254  266
254  272
254  278
254  284
254  290
254  326
254  434
254  794
255  256
255  257
255  258
255  261
255  267
255  273
255  279
255  285
255  291
255  327
255  435
255  795
256  257
256  258
256  262
256  268
256  274
256  280
256  286
256  292
256  328
256  436
256  796
257  258
257  263
257  269
257  275
257  281
257  287
257  293
257  329
257  437
257  797
258  264
258  270
258  276
258  282
258  288
258  294
258  330
258  438
258  798
259  260
259  261
259  262
259  263
259  264
259  265
259  271
259  277
259  283
259  295
259  331
259  439
259  799
260  261
260  262
260  263
260  264
260  266
260  272
260  278
260  284
260  296
260  332
260  440
260  800
261  262
261  263
261  264
261  267
261  273
261  279
261  285
261  297
261  333
261  441
261  801
262  263
262  264
262  268
262  274
262  280
262  286
262  298
262  334
262  442
262  802
263  264
263  269
263  275
263  281
263  287
263  299
263  335
263  443
263  803
264  270
264  276
264  282
264  288
264  300
264  336
264  444
264  804
265  266
265  267
265  268
265  269
265  270
265  271
265  277
265  283
265  301
265  337
265  445
265  805
266  267
266  268
266  269
266  270
266  272
266  278
266  284
266  302
266  338
266  446
266  806
267  268
267  269
267  270
267  273
267  279
267  285
267  303
267  339
267  447
267  807
268  269
268  270
268  274
268  280
268  286
268  304
268  340
268  448
268  808
269  270
269  275
269  281
269  287
269  305
269  341
269  449
269  809
270  276
270  282
270  288
270  306
270  342
270  450
270  810
271  272
271  273
271  274
271  275
271  276
271  277
271  283
271  307
271  343
271  451
271  811
272  273
272  274
272  275
272  276
272  278
272  284
272  308
272  344
272  452
272  812
273  274
273  275
273  276
273  279
273  285
273  309
273  345
273  453
273  813
274  275
274  276
274  280
274  286
274  310
274  346
274  454
274  814
275  276
275  281
275  287
275  311
275  347
275  455
275  815
276  282
276  288
276  312
276  348
276  456
276  816
277  278
277  279
277  280
277  281
277  282
277  283
277  313
277  349
277  457
277  817
278  279
278  280
278  281
278  282
278  284
278  314
278  350
278  458
278  818
279  280
279  281
279  282
279  285
279  315
279  351
279  459
279  819
280  281
280  282
280  286
280  316
280  352
280  460
280  820
281  282
281  287
281  317
281  353
281  461
281  821
282  288
282  318
282  354
282  462
282  822
283  284
283  285
283  286
283  287
283  288
283  319
283  355
283  463
283  823
284  285
284  286
284  287
284  288
284  320
284  356
284  464
284  824
285  286
285  287
285  288
285  321
285  357
285  465
285  825
286  287
286  288
286  322
286  358
286  466
286  826
287  288
287  323
287  359
287  467
287  827
288  324
288  360
288  468
288  828
289  290
289  291
289  292
289  293
289  294
289  295
289  301
289  307
289  313
289  319
289  325
289  469
289  829
290  291
290  292
290  293
290  294
290  296
290  302
290  308
290  314
290  320
290  326
290  470
290  830
291  292
291  293
291  294
291  297
291  303
291  309
291  315
291  321
291  327
291  471
291  831
292  293
292  294
292  298
292  304
292  310
292  316
292  322
292  328
292  472
292  832
293  294
293  299
293  305
293  311
293  317
293  323
293  329
293  473
293  833
294  300
294  306
294  312
294  318
294  324
294  330
294  474
294  834
295  296
295  297
295  298
295  299
295  300
295  301
295  307
295  313
295  319
295  331
295  475
295  835
296  297
296  298
296  299
296  300
296  302
296  308
296  314
296  320
296  332
296  476
296  836
297  298
297  299
297  300
297  303
297  309
297  315
297  321
297  333
297  477
297  837
298  299
298  300
298  304
298  310
298  316
298  322
298  334
298  478
298  838
299  300
299  305
299  311
299  317
299  323
299  335
299  479
299  839
300  306
300  312
300  318
300  324
300  336
300  480
300  840
301  302
301  303
301  304
301  305
301  306
301  307
301  313
301  319
301  337
301  481
301  841
302  303
302  304
302  305
302  306
302  308
302  314
302  320
302  338
302  482
302  842
303  304
303  305
303  306
303  309
303  315
303  321
303  339
303  483
303  843
304  305
304  306
304  310
304  316
304  322
304  340
304  484
304  844
305  306
305  311
305  317
305  323
305  341
305  485
305  845
306  312
306  318
306  324
306  342
306  486
306  846
307  308
307  309
307  310
307  311
307  312
307  313
307  319
307  343
307  487
307  847
308  309
308  310
308  311
308  312
308  314
308  320
308  344
308  488
308  848
309  310
309  311
309  312
309  315
309  321
309  345
309  489
309  849
310  311
310  312
310  316
310  322
310  346
310  490
310  850
311  312
311  317
311  323
311  347
311  491
311  851
312  318
312  324
312  348
312  492
312  852
313  314
313  315
313  316
313  317
313  318
313  319
313  349
313  493
313  853
314  315
314  316
314  317
314  318
314  320
314  350
314  494
314  854
315  316
315  317
315  318
315  321
315  351
315  495
315  855
316  317
316  318
316  322
316  352
316  496
316  856
317  318
317  323
317  353
317  497
317  857
318  324
318  354
318  498
318  858
319  320
319  321
319  322
319  323
319  324
319  355
319  499
319  859
320  321
320  322
320  323
320  324
320  356
320  500
320  860
321  322
321  323
321  324
321  357
321  501
321  861
322  323
322  324
322  358
322  502
322  862
323  324
323  359
323  503
323  863
324  360
324  504
324  864
325  326
325  327
325  328
325  329
325  330
325  331
325  337
325  343
325  349
325  355
325  505
325  865
326  327
326  328
326  329
326  330
326  332
326  338
326  344
326  350
326  356
326  506
326  866
327  328
327  329
327  330
327  333
327  339
327  345
327  351
327  357
327  507
327  867
328  329
328  330
328  334
328  340
328  346
328  352
328  358
328  508
328  868
329  330
329  335
329  341
329  347
329  353
329  359
329  509
329  869
330  336
330  342
330  348
330  354
330  360
330  510
330  870
331  332
331  333
331  334
331  335
331  336
331  337
331  343
331  349
331  355
331  511
331  871
332  333
332  334
332  335
332  336
332  338
332  344
332  350
332  356
332  512
332  872
333  334
333  335
333  336
333  339
333  345
333  351
333  357
333  513
333  873
334  335
334  336
334  340
334  346
334  352
334  358
334  514
334  874
335  336
335  341
335  347
335  353
335  359
335  515
335  875
336  342
336  348
336  354
336  360
336  516
336  876
337  338
337  339
337  340
337  341
337  342
337  343
337  349
337  355
337  517
337  877
338  339
338  340
338  341
338  342
338  344
338  350
338  356
338  518
338  878
339  340
339  341
339  342
339  345
339  351
339  357
339  519
339  879
340  341
340  342
340  346
340  352
340  358
340  520
340  880
341  342
341  347
341  353
341  359
341  521
341  881
342  348
342  354
342  360
342  522
342  882
343  344
343  345
343  346
343  347
343  348
343  349
343  355
343  523
343  883
344  345
344  346
344  347
344  348
344  350
344  356
344  524
344  884
345  346
345  347
345  348
345  351
345  357
345  525
345  885
346  347
346  348
346  352
346  358
346  526
346  886
347  348
347  353
347  359
347  527
347  887
348  354
348  360
348  528
348  888
349  350
349  351
349  352
349  353
349  354
349  355
349  529
349  889
350  351
350  352
350  353
350  354
350  356
350  530
350  890
351  352
351  353
351  354
351  357
351  531
351  891
352  353
352  354
352  358
352  532
352  892
353  354
353  359
353  533
353  893
354  360
354  534
354  894
355  356
355  357
355  358
355  359
355  360
355  535
355  895
356  357
356  358
356  359
356  360
356  536
356  896
357  358
357  359
357  360
357  537
357  897
358  359
358  360
358  538
358  898
359  360
359  539
359  899
360  540
360  900
361  362
361  363
361  364
361  365
361  366
361  367
361  373
361  379
361  385
361  391
361  397
361  433
361  469
361  505
361  901
362  363
362  364
362  365
362  366
362  368
362  374
362  380
362  386
362  392
362  398
362  434
362  470
362  506
362  902
363  364
363  365
363  366
363  369
363  375
363  381
363  387
363  393
363  399
363  435
363  471
363  507
363  903
364  365
364  366
364  370
364  376
364  382
364  388
364  394
364  400
364  436
364  472
364  508
364  904
365  366
365  371
365  377
365  383
365  389
365  395
365  401
365  437
365  473
365  509
365  905
366  372
366  378
366  384
366  390
366  396
366  402
366  438
366  474
366  510
366  906
367  368
367  369
367  370
367  371
367  372
367  373
367  379
367  385
367  391
367  403
367  439
367  475
367  511
367  907
368  369
368  370
368  371
368  372
368  374
368  380
368  386
368  392
368  404
368  440
368  476
368  512
368  908
369  370
369  371
369  372
369  375
369  381
369  387
369  393
369  405
369  441
369  477
369  513
369  909
370  371
370  372
370  376
370  382
370  388
370  394
370  406
370  442
370  478
370  514
370  910
371  372
371  377
371  383
371  389
371  395
371  407
371  443
371  479
371  515
371  911
372  378
372  384
372  390
372  396
372  408
372  444
372  480
372  516
372  912
373  374
373  375
373  376
373  377
373  378
373  379
373  385
373  391
373  409
373  445
373  481
373  517
373  913
374  375
374  376
374  377
374  378
374  380
374  386
374  392
374  410
374  446
374  482
374  518
374  914
375  376
375  377
375  378
375  381
375  387
375  393
375  411
375  447
375  483
375  519
375  915
376  377
376  378
376  382
376  388
376  394
376  412
376  448
376  484
376  520
376  916
377  378
377  383
377  389
377  395
377  413
377  449
377  485
377  521
377  917
378  384
378  390
378  396
378  414
378  450
378  486
378  522
378  918
379  380
379  381
379  382
379  383
379  384
379  385
379  391
379  415
379  451
379  487
379  523
379  919
380  381
380  382
380  383
380  384
380  386
380  392
380  416
380  452
380  488
380  524
380  920
381  382
381  383
381  384
381  387
381  393
381  417
381  453
381  489
381  525
381  921
382  383
382  384
382  388
382  394
382  418
382  454
382  490
382  526
382  922
383  384
383  389
383  395
383  419
383  455
383  491
383  527
383  923
384  390
384  396
384  420
384  456
384  492
384  528
384  924
385  386
385  387
385  388
385  389
385  390
385  391
385  421
385  457
385  493
385  529
385  925
386  387
386  388
386  389
386  390
386  392
386  422
386  458
386  494
386  530
386  926
387  388
387  389
387  390
387  393
387  423
387  459
387  495
387  531
387  927
388  389
388  390
388  394
388  424
388  460
388  496
388  532
388  928
389  390
389  395
389  425
389  461
389  497
389  533
389  929
390  396
390  426
390  462
390  498
390  534
390  930
391  392
391  393
391  394
391  395
391  396
391  427
391  463
391  499
391  535
391  931
392  393
392  394
392  395
392  396
392  428
392  464
392  500
392  536
392  932
393  394
393  395
393  396
393  429
393  465
393  501
393  537
393  933
394  395
394  396
394  430
394  466
394  502
394  538
394  934
395  396
395  431
395  467
395  503
395  539
395  935
396  432
396  468
396  504
396  540
396  936
397  398
397  399
397  400
397  401
397  402
397  403
397  409
397  415
397  421
397  427
397  433
397  469
397  505
397  937
398  399
398  400
398  401
398  402
398  404
398  410
398  416
398  422
398  428
398  434
398  470
398  506
398  938
399  400
399  401
399  402
399  405
399  411
399  417
399  423
399  429
399  435
399  471
399  507
399  939
400  401
400  402
400  406
400  412
400  418
400  424
400  430
400  436
400  472
400  508
400  940
401  402
401  407
401  413
401  419
401  425
401  431
401  437
401  473
401  509
401  941
402  408
402  414
402  420
402  426
402  432
402  438
402  474
402  510
402  942
403  404
403  405
403  406
403  407
403  408
403  409
403  415
403  421
403  427
403  439
403  475
403  511
403  943
404  405
404  406
404  407
404  408
404  410
404  416
404  422
404  428
404  440
404  476
404  512
404  944
405  406
405  407
405  408
405  411
405  417
405  423
405  429
405  441
405  477
405  513
405  945
406  407
406  408
406  412
406  418
406  424
406  430
406  442
406  478
406  514
406  946
407  408
407  413
407  419
407  425
407  431
407  443
407  479
407  515
407  947
408  414
408  420
408  426
408  432
408  444
408  480
408  516
408  948
409  410
409  411
409  412
409  413
409  414
409  415
409  421
409  427
409  445
409  481
409  517
409  949
410  411
410  412
410  413
410  414
410  416
410  422
410  428
410  446
410  482
410  518
410  950
411  412
411  413
411  414
411  417
411  423
411  429
411  447
411  483
411  519
411  951
412  413
412  414
412  418
412  424
412  430
412  448
412  484
412  520
412  952
413  414
413  419
413  425
413  431
413  449
413  485
413  521
413  953
414  420
414  426
414  432
414  450
414  486
414  522
414  954
415  416
415  417
415  418
415  419
415  420
415  421
415  427
415  451
415  487
415  523
415  955
416  417
416  418
416  419
416  420
416  422
416  428
416  452
416  488
416  524
416  956
417  418
417  419
417  420
417  423
417  429
417  453
417  489
417  525
417  957
418  419
418  420
418  424
418  430
418  454
418  490
418  526
418  958
419  420
419  425
419  431
419  455
419  491
419  527
419  959
420  426
420  432
420  456
420  492
420  528
420  960
421  422
421  423
421  424
421  425
421  426
421  427
421  457
421  493
421  529
421  961
422  423
422  424
422  425
422  426
422  428
422  458
422  494
422  530
422  962
423  424
423  425
423  426
423  429
423  459
423  495
423  531
423  963
424  425
424  426
424  430
424  460
424  496
424  532
424  964
425  426
425  431
425  461
425  497
425  533
425  965
426  432
426  462
426  498
426  534
426  966
427  428
427  429
427  430
427  431
427  432
427  463
427  499
427  535
427  967
428  429
428  430
428  431
428  432
428  464
428  500
428  536
428  968
429  430
429  431
429  432
429  465
429  501
429  537
429  969
430  431
430  432
430  466
430  502
430  538
430  970
431  432
431  467
431  503
431  539
431  971
432  468
432  504
432  540
432  972
433  434
433  435
433  436
433  437
433  438
433  439
433  445
433  451
433  457
433  463
433  469
433  505
433  973
434  435
434  436
434  437
434  438
434  440
434  446
434  452
434  458
434  464
434  470
434  506
434  974
435  436
435  437
435  438
435  441
435  447
435  453
435  459
435  465
435  471
435  507
435  975
436  437
436  438
436  442
436  448
436  454
436  460
436  466
436  472
436  508
436  976
437  438
437  443
437  449
437  455
437  461
437  467
437  473
437  509
437  977
438  444
438  450
438  456
438  462
438  468
438  474
438  510
438  978
439  440
439  441
439  442
439  443
439  444
439  445
439  451
439  457
439  463
439  475
439  511
439  979
440  441
440  442
440  443
440  444
440  446
440  452
440  458
440  464
440  476
440  512
440  980
441  442
441  443
441  444
441  447
441  453
441  459
441  465
441  477
441  513
441  981
442  443
442  444
442  448
442  454
442  460
442  466
442  478
442  514
442  982
443  444
443  449
443  455
443  461
443  467
443  479
443  515
443  983
444  450
444  456
444  462
444  468
444  480
444  516
444  984
445  446
445  447
445  448
445  449
445  450
445  451
445  457
445  463
445  481
445  517
445  985
446  447
446  448
446  449
446  450
446  452
446  458
446  464
446  482
446  518
446  986
447  448
447  449
447  450
447  453
447  459
447  465
447  483
447  519
447  987
448  449
448  450
448  454
448  460
448  466
448  484
448  520
448  988
449  450
449  455
449  461
449  467
449  485
449  521
449  989
450  456
450  462
450  468
450  486
450  522
450  990
451  452
451  453
451  454
451  455
451  456
451  457
451  463
451  487
451  523
451  991
452  453
452  454
452  455
452  456
452  458
452  464
452  488
452  524
452  992
453  454
453  455
453  456
453  459
453  465
453  489
453  525
453  993
454  455
454  456
454  460
454  466
454  490
454  526
454  994
455  456
455  461
455  467
455  491
455  527
455  995
456  462
456  468
456  492
456  528
456  996
457  458
457  459
457  460
457  461
457  462
457  463
457  493
457  529
457  997
458  459
458  460
458  461
458  462
458  464
458  494
458  530
458  998
459  460
459  461
459  462
459  465
459  495
459  531
459  999
460  461
460  462
460  466
460  496
460  532
460  1000
461  462
461  467
461  497
461  533
461  1001
462  468
462  498
462  534
462  1002
463  464
463  465
463  466
463  467
463  468
463  499
463  535
463  1003
464  465
464  466
464  467
464  468
464  500
464  536
464  1004
465  466
465  467
465  468
465  501
465  537
465  1005
466  467
466  468
466  502
466  538
466  1006
467  468
467  503
467  539
467  1007
468  504
468  540
468  1008
469  470
469  471
469  472
469  473
469  474
469  475
469  481
469  487
469  493
469  499
469  505
469  1009
470  471
470  472
470  473
470  474
470  476
470  482
470  488
470  494
470  500
470  506
470  1010
471  472
471  473
471  474
471  477
471  483
471  489
471  495
471  501
471  507
471  1011
472  473
472  474
472  478
472  484
472  490
472  496
472  502
472  508
472  1012
473  474
473  479
473  485
473  491
473  497
473  503
473  509
473  1013
474  480
474  486
474  492
474  498
474  504
474  510
474  1014
475  476
475  477
475  478
475  479
475  480
475  481
475  487
475  493
475  499
475  511
475  1015
476  477
476  478
476  479
476  480
476  482
476  488
476  494
476  500
476  512
476  1016
477  478
477  479
477  480
477  483
477  489
477  495
477  501
477  513
477  1017
478  479
478  480
478  484
478  490
478  496
478  502
478  514
478  1018
479  480
479  485
479  491
479  497
479  503
479  515
479  1019
480  486
480  492
480  498
480  504
480  516
480  1020
481  482
481  483
481  484
481  485
481  486
481  487
481  493
481  499
481  517
481  1021
482  483
482  484
482  485
482  486
482  488
482  494
482  500
482  518
482  1022
483  484
483  485
483  486
483  489
483  495
483  501
483  519
483  1023
484  485
484  486
484  490
484  496
484  502
484  520
484  1024
485  486
485  491
485  497
485  503
485  521
485  1025
486  492
486  498
486  504
486  522
486  1026
487  488
487  489
487  490
487  491
487  492
487  493
487  499
487  523
487  1027
488  489
488  490
488  491
488  492
488  494
488  500
488  524
488  1028
489  490
489  491
489  492
489  495
489  501
489  525
489  1029
490  491
490  492
490  496
490  502
490  526
490  1030
491  492
491  497
491  503
491  527
491  1031
492  498
492  504
492  528
492  1032
493  494
493  495
493  496
493  497
493  498
493  499
493  529
493  1033
494  495
494  496
494  497
494  498
494  500
494  530
494  1034
495  496
495  497
495  498
495  501
495  531
495  1035
496  497
496  498
496  502
496  532
496  1036
497  498
497  503
497  533
497  1037
498  504
498  534
498  1038
499  500
499  501
499  502
499  503
499  504
499  535
499  1039
500  501
500  502
500  503
500  504
500  536
500  1040
501  502
501  503
501  504
501  537
501  1041
502  503
502  504
502  538
502  1042
503  504
503  539
503  1043
504  540
504  1044
505  506
505  507
505  508
505  509
505  510
505  511
505  517
505  523
505  529
505  535
505  1045
506  507
506  508
506  509
506  510
506  512
506  518
506  524
506  530
506  536
506  1046
507  508
507  509
507  510
507  513
507  519
507  525
507  531
507  537
507  1047
508  509
508  510
508  514
508  520
508  526
508  532
508  538
508  1048
509  510
509  515
509  521
509  527
509  533
509  539
509  1049
510  516
510  522
510  528
510  534
510  540
510  1050
511  512
511  513
511  514
511  515
511  516
511  517
511  523
511  529
511  535
511  1051
512  513
512  514
512  515
512  516
512  518
512  524
512  530
512  536
512  1052
513  514
513  515
513  516
513  519
513  525
513  531
513  537
513  1053
514  515
514  516
514  520
514  526
514  532
514  538
514  1054
515  516
515  521
515  527
515  533
515  539
515  1055
516  522
516  528
516  534
516  540
516  1056
517  518
517  519
517  520
517  521
517  522
517  523
517  529
517  535
517  1057
518  519
518  520
518  521
518  522
518  524
518  530
518  536
518  1058
519  520
519  521
519  522
519  525
519  531
519  537
519  1059
520  521
520  522
520  526
520  532
520  538
520  1060
521  522
521  527
521  533
521  539
521  1061
522  528
522  534
522  540
522  1062
523  524
523  525
523  526
523  527
523  528
523  529
523  535
523  1063
524  525
524  526
524  527
524  528
524  530
524  536
524  1064
525  526
525  527
525  528
525  531
525  537
525  1065
526  527
526  528
526  532
526  538
526  1066
527  528
527  533
527  539
527  1067
528  534
528  540
528  1068
529  530
529  531
529  532
529  533
529  534
529  535
529  1069
530  531
530  532
530  533
530  534
530  536
530  1070
531  532
531  533
531  534
531  537
531  1071
532  533
532  534
532  538
532  1072
533  534
533  539
533  1073
534  540
534  1074
535  536
535  537
535  538
535  539
535  540
535  1075
536  537
536  538
536  539
536  540
536  1076
537  538
537  539
537  540
537  1077
538  539
538  540
538  1078
539  540
539  1079
540  1080
541  542
541  543
541  544
541  545
541  546
541  547
541  553
541  559
541  565
541  571
541  577
541  613
541  649
541  685
541  721
541  901
542  543
542  544
542  545
542  546
542  548
542  554
542  560
542  566
542  572
542  578
542  614
542  650
542  686
542  722
542  902
543  544
543  545
543  546
543  549
543  555
543  561
543  567
543  573
543  579
543  615
543  651
543  687
543  723
543  903
544  545
544  546
544  550
544  556
544  562
544  568
544  574
544  580
544  616
544  652
544  688
544  724
544  904
545  546
545  551
545  557
545  563
545  569
545  575
545  581
545  617
545  653
545  689
545  725
545  905
546  552
546  558
546  564
546  570
546  576
546  582
546  618
546  654
546  690
546  726
546  906
547  548
547  549
547  550
547  551
547  552
547  553
547  559
547  565
547  571
547  583
547  619
547  655
547  691
547  727
547  907
548  549
548  550
548  551
548  552
548  554
548  560
548  566
548  572
548  584
548  620
548  656
548  692
548  728
548  908
549  550
549  551
549  552
549  555
549  561
549  567
549  573
549  585
549  621
549  657
549  693
549  729
549  909
550  551
550  552
550  556
550  562
550  568
550  574
550  586
550  622
550  658
550  694
550  730
550  910
551  552
551  557
551  563
551  569
551  575
551  587
551  623
551  659
551  695
551  731
551  911
552  558
552  564
552  570
552  576
552  588
552  624
552  660
552  696
552  732
552  912
553  554
553  555
553  556
553  557
553  558
553  559
553  565
553  571
553  589
553  625
553  661
553  697
553  733
553  913
554  555
554  556
554  557
554  558
554  560
554  566
554  572
554  590
554  626
554  662
554  698
554  734
554  914
555  556
555  557
555  558
555  561
555  567
555  573
555  591
555  627
555  663
555  699
555  735
555  915
556  557
556  558
556  562
556  568
556  574
556  592
556  628
556  664
556  700
556  736
556  916
557  558
557  563
557  569
557  575
557  593
557  629
557  665
557  701
557  737
557  917
558  564
558  570
558  576
558  594
558  630
558  666
558  702
558  738
558  918
559  560
559  561
559  562
559  563
559  564
559  565
559  571
559  595
559  631
559  667
559  703
559  739
559  919
560  561
560  562
560  563
560  564
560  566
560  572
560  596
560  632
560  668
560  704
560  740
560  920
561  562
561  563
561  564
561  567
561  573
561  597
561  633
561  669
561  705
561  741
561  921
562  563
562  564
562  568
562  574
562  598
562  634
562  670
562  706
562  742
562  922
563  564
563  569
563  575
563  599
563  635
563  671
563  707
563  743
563  923
564  570
564  576
564  600
564  636
564  672
564  708
564  744
564  924
565  566
565  567
565  568
565  569
565  570
565  571
565  601
565  637
565  673
565  709
565  745
565  925
566  567
566  568
566  569
566  570
566  572
566  602
566  638
566  674
566  710
566  746
566  926
567  568
567  569
567  570
567  573
567  603
567  639
567  675
567  711
567  747
567  927
568  569
568  570
568  574
568  604
568  640
568  676
568  712
568  748
568  928
569  570
569  575
569  605
569  641
569  677
569  713
569  749
569  929
570  576
570  606
570  642
570  678
570  714
570  750
570  930
571  572
571  573
571  574
571  575
571  576
571  607
571  643
571  679
571  715
571  751
571  931
572  573
572  574
572  575
572  576
572  608
572  644
572  680
572  716
572  752
572  932
573  574
573  575
573  576
573  609
573  645
573  681
573  717
573  753
573  933
574  575
574  576
574  610
574  646
574  682
574  718
574  754
574  934
575  576
575  611
575  647
575  683
575  719
575  755
575  935
576  612
576  648
576  684
576  720
576  756
576  936
577  578
577  579
577  580
577  581
577  582
577  583
577  589
577  595
577  601
577  607
577  613
577  649
577  685
577  757
577  937
578  579
578  580
578  581
578  582
578  584
578  590
578  596
578  602
578  608
578  614
578  650
578  686
578  758
578  938
579  580
579  581
579  582
579  585
579  591
579  597
579  603
579  609
579  615
579  651
579  687
579  759
579  939
580  581
580  582
580  586
580  592
580  598
580  604
580  610
580  616
580  652
580  688
580  760
580  940
581  582
581  587
581  593
581  599
581  605
581  611
581  617
581  653
581  689
581  761
581  941
582  588
582  594
582  600
582  606
582  612
582  618
582  654
582  690
582  762
582  942
583  584
583  585
583  586
583  587
583  588
583  589
583  595
583  601
583  607
583  619
583  655
583  691
583  763
583  943
584  585
584  586
584  587
584  588
584  590
584  596
584  602
584  608
584  620
584  656
584  692
584  764
584  944
585  586
585  587
585  588
585  591
585  597
585  603
585  609
585  621
585  657
585  693
585  765
585  945
586  587
586  588
586  592
586  598
586  604
586  610
586  622
586  658
586  694
586  766
586  946
587  588
587  593
587  599
587  605
587  611
587  623
587  659
587  695
587  767
587  947
588  594
588  600
588  606
588  612
588  624
588  660
588  696
588  768
588  948
589  590
589  591
589  592
589  593
589  594
589  595
589  601
589  607
589  625
589  661
589  697
589  769
589  949
590  591
590  592
590  593
590  594
590  596
590  602
590  608
590  626
590  662
590  698
590  770
590  950
591  592
591  593
591  594
591  597
591  603
591  609
591  627
591  663
591  699
591  771
591  951
592  593
592  594
592  598
592  604
592  610
592  628
592  664
592  700
592  772
592  952
593  594
593  599
593  605
593  611
593  629
593  665
593  701
593  773
593  953
594  600
594  606
594  612
594  630
594  666
594  702
594  774
594  954
595  596
595  597
595  598
595  599
595  600
595  601
595  607
595  631
595  667
595  703
595  775
595  955
596  597
596  598
596  599
596  600
596  602
596  608
596  632
596  668
596  704
596  776
596  956
597  598
597  599
597  600
597  603
597  609
597  633
597  669
597  705
597  777
597  957
598  599
598  600
598  604
598  610
598  634
598  670
598  706
598  778
598  958
599  600
599  605
599  611
599  635
599  671
599  707
599  779
599  959
600  606
600  612
600  636
600  672
600  708
600  780
600  960
601  602
601  603
601  604
601  605
601  606
601  607
601  637
601  673
601  709
601  781
601  961
602  603
602  604
602  605
602  606
602  608
602  638
602  674
602  710
602  782
602  962
603  604
603  605
603  606
603  609
603  639
603  675
603  711
603  783
603  963
604  605
604  606
604  610
604  640
604  676
604  712
604  784
604  964
605  606
605  611
605  641
605  677
605  713
605  785
605  965
606  612
606  642
606  678
606  714
606  786
606  966
607  608
607  609
607  610
607  611
607  612
607  643
607  679
607  715
607  787
607  967
608  609
608  610
608  611
608  612
608  644
608  680
608  716
608  788
608  968
609  610
609  611
609  612
609  645
609  681
609  717
609  789
609  969
610  611
610  612
610  646
610  682
610  718
610  790
610  970
611  612
611  647
611  683
611  719
611  791
611  971
612  648
612  684
612  720
612  792
612  972
613  614
613  615
613  616
613  617
613  618
613  619
613  625
613  631
613  637
613  643
613  649
613  685
613  793
613  973
614  615
614  616
614  617
614  618
614  620
614  626
614  632
614  638
614  644
614  650
614  686
614  794
614  974
615  616
615  617
615  618
615  621
615  627
615  633
615  639
615  645
615  651
615  687
615  795
615  975
616  617
616  618
616  622
616  628
616  634
616  640
616  646
616  652
616  688
616  796
616  976
617  618
617  623
617  629
617  635
617  641
617  647
617  653
617  689
617  797
617  977
618  624
618  630
618  636
618  642
618  648
618  654
618  690
618  798
618  978
619  620
619  621
619  622
619  623
619  624
619  625
619  631
619  637
619  643
619  655
619  691
619  799
619  979
620  621
620  622
620  623
620  624
620  626
620  632
620  638
620  644
620  656
620  692
620  800
620  980
621  622
621  623
621  624
621  627
621  633
621  639
621  645
621  657
621  693
621  801
621  981
622  623
622  624
622  628
622  634
622  640
622  646
622  658
622  694
622  802
622  982
623  624
623  629
623  635
623  641
623  647
623  659
623  695
623  803
623  983
624  630
624  636
624  642
624  648
624  660
624  696
624  804
624  984
625  626
625  627
625  628
625  629
625  630
625  631
625  637
625  643
625  661
625  697
625  805
625  985
626  627
626  628
626  629
626  630
626  632
626  638
626  644
626  662
626  698
626  806
626  986
627  628
627  629
627  630
627  633
627  639
627  645
627  663
627  699
627  807
627  987
628  629
628  630
628  634
628  640
628  646
628  664
628  700
628  808
628  988
629  630
629  635
629  641
629  647
629  665
629  701
629  809
629  989
630  636
630  642
630  648
630  666
630  702
630  810
630  990
631  632
631  633
631  634
631  635
631  636
631  637
631  643
631  667
631  703
631  811
631  991
632  633
632  634
632  635
632  636
632  638
632  644
632  668
632  704
632  812
632  992
633  634
633  635
633  636
633  639
633  645
633  669
633  705
633  813
633  993
634  635
634  636
634  640
634  646
634  670
634  706
634  814
634  994
635  636
635  641
635  647
635  671
635  707
635  815
635  995
636  642
636  648
636  672
636  708
636  816
636  996
637  638
637  639
637  640
637  641
637  642
637  643
637  673
637  709
637  817
637  997
638  639
638  640
638  641
638  642
638  644
638  674
638  710
638  818
638  998
639  640
639  641
639  642
639  645
639  675
639  711
639  819
639  999
640  641
640  642
640  646
640  676
640  712
640  820
640  1000
641  642
641  647
641  677
641  713
641  821
641  1001
642  648
642  678
642  714
642  822
642  1002
643  644
643  645
643  646
643  647
643  648
643  679
643  715
643  823
643  1003
644  645
644  646
644  647
644  648
644  680
644  716
644  824
644  1004
645  646
645  647
645  648
645  681
645  717
645  825
645  1005
646  647
646  648
646  682
646  718
646  826
646  1006
647  648
647  683
647  719
647  827
647  1007
648  684
648  720
648  828
648  1008
649  650
649  651
649  652
649  653
649  654
649  655
649  661
649  667
649  673
649  679
649  685
649  829
649  1009
650  651
650  652
650  653
650  654
650  656
650  662
650  668
650  674
650  680
650  686
650  830
650  1010
651  652
651  653
651  654
651  657
651  663
651  669
651  675
651  681
651  687
651  831
651  1011
652  653
652  654
652  658
652  664
652  670
652  676
652  682
652  688
652  832
652  1012
653  654
653  659
653  665
653  671
653  677
653  683
653  689
653  833
653  1013
654  660
654  666
654  672
654  678
654  684
654  690
654  834
654  1014
655  656
655  657
655  658
655  659
655  660
655  661
655  667
655  673
655  679
655  691
655  835
655  1015
656  657
656  658
656  659
656  660
656  662
656  668
656  674
656  680
656  692
656  836
656  1016
657  658
657  659
657  660
657  663
657  669
657  675
657  681
657  693
657  837
657  1017
658  659
658  660
658  664
658  670
658  676
658  682
658  694
658  838
658  1018
659  660
659  665
659  671
659  677
659  683
659  695
659  839
659  1019
660  666
660  672
660  678
660  684
660  696
660  840
660  1020
661  662
661  663
661  664
661  665
661  666
661  667
661  673
661  679
661  697
661  841
661  1021
662  663
662  664
662  665
662  666
662  668
662  674
662  680
662  698
662  842
662  1022
663  664
663  665
663  666
663  669
663  675
663  681
663  699
663  843
663  1023
664  665
664  666
664  670
664  676
664  682
664  700
664  844
664  1024
665  666
665  671
665  677
665  683
665  701
665  845
665  1025
666  672
666  678
666  684
666  702
666  846
666  1026
667  668
667  669
667  670
667  671
667  672
667  673
667  679
667  703
667  847
667  1027
668  669
668  670
668  671
668  672
668  674
668  680
668  704
668  848
668  1028
669  670
669  671
669  672
669  675
669  681
669  705
669  849
669  1029
670  671
670  672
670  676
670  682
670  706
670  850
670  1030
671  672
671  677
671  683
671  707
671  851
671  1031
672  678
672  684
672  708
672  852
672  1032
673  674
673  675
673  676
673  677
673  678
673  679
673  709
673  853
673  1033
674  675
674  676
674  677
674  678
674  680
674  710
674  854
674  1034
675  676
675  677
675  678
675  681
675  711
675  855
675  1035
676  677
676  678
676  682
676  712
676  856
676  1036
677  678
677  683
677  713
677  857
677  1037
678  684
678  714
678  858
678  1038
679  680
679  681
679  682
679  683
679  684
679  715
679  859
679  1039
680  681
680  682
680  683
680  684
680  716
680  860
680  1040
681  682
681  683
681  684
681  717
681  861
681  1041
682  683
682  684
682  718
682  862
682  1042
683  684
683  719
683  863
683  1043
684  720
684  864
684  1044
685  686
685  687
685  688
685  689
685  690
685  691
685  697
685  703
685  709
685  715
685  865
685  1045
686  687
686  688
686  689
686  690
686  692
686  698
686  704
686  710
686  716
686  866
686  1046
687  688
687  689
687  690
687  693
687  699
687  705
687  711
687  717
687  867
687  1047
688  689
688  690
688  694
688  700
688  706
688  712
688  718
688  868
688  1048
689  690
689  695
689  701
689  707
689  713
689  719
689  869
689  1049
690  696
690  702
690  708
690  714
690  720
690  870
690  1050
691  692
691  693
691  694
691  695
691  696
691  697
691  703
691  709
691  715
691  871
691  1051
692  693
692  694
692  695
692  696
692  698
692  704
692  710
692  716
692  872
692  1052
693  694
693  695
693  696
693  699
693  705
693  711
693  717
693  873
693  1053
694  695
694  696
694  700
694  706
694  712
694  718
694  874
694  1054
695  696
695  701
695  707
695  713
695  719
695  875
695  1055
696  702
696  708
696  714
696  720
696  876
696  1056
697  698
697  699
697  700
697  701
697  702
697  703
697  709
697  715
697  877
697  1057
698  699
698  700
698  701
698  702
698  704
698  710
698  716
698  878
698  1058
699  700
699  701
699  702
699  705
699  711
699  717
699  879
699  1059
700  701
700  702
700  706
700  712
700  718
700  880
700  1060
701  702
701  707
701  713
701  719
701  881
701  1061
702  708
702  714
702  720
702  882
702  1062
703  704
703  705
703  706
703  707
703  708
703  709
703  715
703  883
703  1063
704  705
704  706
704  707
704  708
704  710
704  716
704  884
704  1064
705  706
705  707
705  708
705  711
705  717
705  885
705  1065
706  707
706  708
706  712
706  718
706  886
706  1066
707  708
707  713
707  719
707  887
707  1067
708  714
708  720
708  888
708  1068
709  710
709  711
709  712
709  713
709  714
709  715
709  889
709  1069
710  711
710  712
710  713
710  714
710  716
710  890
710  1070
711  712
711  713
711  714
711  717
711  891
711  1071
712  713
712  714
712  718
712  892
712  1072
713  714
713  719
713  893
713  1073
714  720
714  894
714  1074
715  716
715  717
715  718
715  719
715  720
715  895
715  1075
716  717
716  718
716  719
716  720
716  896
716  1076
717  718
717  719
717  720
717  897
717  1077
718  719
718  720
718  898
718  1078
719  720
719  899
719  1079
720  900
720  1080
721  722
721  723
721  724
721  725
721  726
721  727
721  733
721  739
721  745
721  751
721  757
721  793
721  829
721  865
721  901
722  723
722  724
722  725
722  726
722  728
722  734
722  740
722  746
722  752
722  758
722  794
722  830
722  866
722  902
723  724
723  725
723  726
723  729
723  735
723  741
723  747
723  753
723  759
723  795
723  831
723  867
723  903
724  725
724  726
724  730
724  736
724  742
724  748
724  754
724  760
724  796
724  832
724  868
724  904
725  726
725  731
725  737
725  743
725  749
725  755
725  761
725  797
725  833
725  869
725  905
726  732
726  738
726  744
726  750
726  756
726  762
726  798
726  834
726  870
726  906
727  728
727  729
727  730
727  731
727  732
727  733
727  739
727  745
727  751
727  763
727  799
727  835
727  871
727  907
728  729
728  730
728  731
728  732
728  734
728  740
728  746
728  752
728  764
728  800
728  836
728  872
728  908
729  730
729  731
729  732
729  735
729  741
729  747
729  753
729  765
729  801
729  837
729  873
729  909
730  731
730  732
730  736
730  742
730  748
730  754
730  766
730  802
730  838
730  874
730  910
731  732
731  737
731  743
731  749
731  755
731  767
731  803
731  839
731  875
731  911
732  738
732  744
732  750
732  756
732  768
732  804
732  840
732  876
732  912
733  734
733  735
733  736
733  737
733  738
733  739
733  745
733  751
733  769
733  805
733  841
733  877
733  913
734  735
734  736
734  737
734  738
734  740
734  746
734  752
734  770
734  806
734  842
734  878
734  914
735  736
735  737
735  738
735  741
735  747
735  753
735  771
735  807
735  843
735  879
735  915
736  737
736  738
736  742
736  748
736  754
736  772
736  808
736  844
736  880
736  916
737  738
737  743
737  749
737  755
737  773
737  809
737  845
737  881
737  917
738  744
738  750
738  756
738  774
738  810
738  846
738  882
738  918
739  740
739  741
739  742
739  743
739  744
739  745
739  751
739  775
739  811
739  847
739  883
739  919
740  741
740  742
740  743
740  744
740  746
740  752
740  776
740  812
740  848
740  884
740  920
741  742
741  743
741  744
741  747
741  753
741  777
741  813
741  849
741  885
741  921
742  743
742  744
742  748
742  754
742  778
742  814
742  850
742  886
742  922
743  744
743  749
743  755
743  779
743  815
743  851
743  887
743  923
744  750
744  756
744  780
744  816
744  852
744  888
744  924
745  746
745  747
745  748
745  749
745  750
745  751
745  781
745  817
745  853
745  889
745  925
746  747
746  748
746  749
746  750
746  752
746  782
746  818
746  854
746  890
746  926
747  748
747  749
747  750
747  753
747  783
747  819
747  855
747  891
747  927
748  749
748  750
748  754
748  784
748  820
748  856
748  892
748  928
749  750
749  755
749  785
749  821
749  857
749  893
749  929
750  756
750  786
750  822
750  858
750  894
750  930
751  752
751  753
751  754
751  755
751  756
751  787
751  823
751  859
751  895
751  931
752  753
752  754
752  755
752  756
752  788
752  824
752  860
752  896
752  932
753  754
753  755
753  756
753  789
753  825
753  861
753  897
753  933
754  755
754  756
754  790
754  826
754  862
754  898
754  934
755  756
755  791
755  827
755  863
755  899
755  935
756  792
756  828
756  864
756  900
756  936
757  758
757  759
757  760
757  761
757  762
757  763
757  769
757  775
757  781
757  787
757  793
757  829
757  865
757  937
758  759
758  760
758  761
758  762
758  764
758  770
758  776
758  782
758  788
758  794
758  830
758  866
758  938
759  760
759  761
759  762
759  765
759  771
759  777
759  783
759  789
759  795
759  831
759  867
759  939
760  761
760  762
760  766
760  772
760  778
760  784
760  790
760  796
760  832
760  868
760  940
761  762
761  767
761  773
761  779
761  785
761  791
761  797
761  833
761  869
761  941
762  768
762  774
762  780
762  786
762  792
762  798
762  834
762  870
762  942
763  764
763  765
763  766
763  767
763  768
763  769
763  775
763  781
763  787
763  799
763  835
763  871
763  943
764  765
764  766
764  767
764  768
764  770
764  776
764  782
764  788
764  800
764  836
764  872
764  944
765  766
765  767
765  768
765  771
765  777
765  783
765  789
765  801
765  837
765  873
765  945
766  767
766  768
766  772
766  778
766  784
766  790
766  802
766  838
766  874
766  946
767  768
767  773
767  779
767  785
767  791
767  803
767  839
767  875
767  947
768  774
768  780
768  786
768  792
768  804
768  840
768  876
768  948
769  770
769  771
769  772
769  773
769  774
769  775
769  781
769  787
769  805
769  841
769  877
769  949
770  771
770  772
770  773
770  774
770  776
770  782
770  788
770  806
770  842
770  878
770  950
771  772
771  773
771  774
771  777
771  783
771  789
771  807
771  843
771  879
771  951
772  773
772  774
772  778
772  784
772  790
772  808
772  844
772  880
772  952
773  774
773  779
773  785
773  791
773  809
773  845
773  881
773  953
774  780
774  786
774  792
774  810
774  846
774  882
774  954
775  776
775  777
775  778
775  779
775  780
775  781
775  787
775  811
775  847
775  883
775  955
776  777
776  778
776  779
776  780
776  782
776  788
776  812
776  848
776  884
776  956
777  778
777  779
777  780
777  783
777  789
777  813
777  849
777  885
777  957
778  779
778  780
778  784
778  790
778  814
778  850
778  886
778  958
779  780
779  785
779  791
779  815
779  851
779  887
779  959
780  786
780  792
780  816
780  852
780  888
780  960
781  782
781  783
781  784
781  785
781  786
781  787
781  817
781  853
781  889
781  961
782  783
782  784
782  785
782  786
782  788
782  818
782  854
782  890
782  962
783  784
783  785
783  786
783  789
783  819
783  855
783  891
783  963
784  785
784  786
784  790
784  820
784  856
784  892
784  964
785  786
785  791
785  821
785  857
785  893
785  965
786  792
786  822
786  858
786  894
786  966
787  788
787  789
787  790
787  791
787  792
787  823
787  859
787  895
787  967
788  789
788  790
788  791
788  792
788  824
788  860
788  896
788  968
789  790
789  791
789  792
789  825
789  861
789  897
789  969
790  791
790  792
790  826
790  862
790  898
790  970
791  792
791  827
791  863
791  899
791  971
792  828
792  864
792  900
792  972
793  794
793  795
793  796
793  797
793  798
793  799
793  805
793  811
793  817
793  823
793  829
793  865
793  973
794  795
794  796
794  797
794  798
794  800
794  806
794  812
794  818
794  824
794  830
794  866
794  974
795  796
795  797
795  798
795  801
795  807
795  813
795  819
795  825
795  831
795  867
795  975
796  797
796  798
796  802
796  808
796  814
796  820
796  826
796  832
796  868
796  976
797  798
797  803
797  809
797  815
797  821
797  827
797  833
797  869
797  977
798  804
798  810
798  816
798  822
798  828
798  834
798  870
798  978
799  800
799  801
799  802
799  803
799  804
799  805
799  811
799  817
799  823
799  835
799  871
799  979
800  801
800  802
800  803
800  804
800  806
800  812
800  818
800  824
800  836
800  872
800  980
801  802
801  803
801  804
801  807
801  813
801  819
801  825
801  837
801  873
801  981
802  803
802  804
802  808
802  814
802  820
802  826
802  838
802  874
802  982
803  804
803  809
803  815
803  821
803  827
803  839
803  875
803  983
804  810
804  816
804  822
804  828
804  840
804  876
804  984
805  806
805  807
805  808
805  809
805  810
805  811
805  817
805  823
805  841
805  877
805  985
806  807
806  808
806  809
806  810
806  812
806  818
806  824
806  842
806  878
806  986
807  808
807  809
807  810
807  813
807  819
807  825
807  843
807  879
807  987
808  809
808  810
808  814
808  820
808  826
808  844
808  880
808  988
809  810
809  815
809  821
809  827
809  845
809  881
809  989
810  816
810  822
810  828
810  846
810  882
810  990
811  812
811  813
811  814
811  815
811  816
811  817
811  823
811  847
811  883
811  991
812  813
812  814
812  815
812  816
812  818
812  824
812  848
812  884
812  992
813  814
813  815
813  816
813  819
813  825
813  849
813  885
813  993
814  815
814  816
814  820
814  826
814  850
814  886
814  994
815  816
815  821
815  827
815  851
815  887
815  995
816  822
816  828
816  852
816  888
816  996
817  818
817  819
817  820
817  821
817  822
817  823
817  853
817  889
817  997
818  819
818  820
818  821
818  822
818  824
818  854
818  890
818  998
819  820
819  821
819  822
819  825
819  855
819  891
819  999
820  821
820  822
820  826
820  856
820  892
820  1000
821  822
821  827
821  857
821  893
821  1001
822  828
822  858
822  894
822  1002
823  824
823  825
823  826
823  827
823  828
823  859
823  895
823  1003
824  825
824  826
824  827
824  828
824  860
824  896
824  1004
825  826
825  827
825  828
825  861
825  897
825  1005
826  827
826  828
826  862
826  898
826  1006
827  828
827  863
827  899
827  1007
828  864
828  900
828  1008
829  830
829  831
829  832
829  833
829  834
829  835
829  841
829  847
829  853
829  859
829  865
829  1009
830  831
830  832
830  833
830  834
830  836
830  842
830  848
830  854
830  860
830  866
830  1010
831  832
831  833
831  834
831  837
831  843
831  849
831  855
831  861
831  867
831  1011
832  833
832  834
832  838
832  844
832  850
832  856
832  862
832  868
832  1012
833  834
833  839
833  845
833  851
833  857
833  863
833  869
833  1013
834  840
834  846
834  852
834  858
834  864
834  870
834  1014
835  836
835  837
835  838
835  839
835  840
835  841
835  847
835  853
835  859
835  871
835  1015
836  837
836  838
836  839
836  840
836  842
836  848
836  854
836  860
836  872
836  1016
837  838
837  839
837  840
837  843
837  849
837  855
837  861
837  873
837  1017
838  839
838  840
838  844
838  850
838  856
838  862
838  874
838  1018
839  840
839  845
839  851
839  857
839  863
839  875
839  1019
840  846
840  852
840  858
840  864
840  876
840  1020
841  842
841  843
841  844
841  845
841  846
841  847
841  853
841  859
841  877
841  1021
842  843
842  844
842  845
842  846
842  848
842  854
842  860
842  878
842  1022
843  844
843  845
843  846
843  849
843  855
843  861
843  879
843  1023
844  845
844  846
844  850
844  856
844  862
844  880
844  1024
845  846
845  851
845  857
845  863
845  881
845  1025
846  852
846  858
846  864
846  882
846  1026
847  848
847  849
847  850
847  851
847  852
847  853
847  859
847  883
847  1027
848  849
848  850
848  851
848  852
848  854
848  860
848  884
848  1028
849  850
849  851
849  852
849  855
849  861
849  885
849  1029
850  851
850  852
850  856
850  862
850  886
850  1030
851  852
851  857
851  863
851  887
851  1031
852  858
852  864
852  888
852  1032
853  854
853  855
853  856
853  857
853  858
853  859
853  889
853  1033
854  855
854  856
854  857
854  858
854  860
854  890
854  1034
855  856
855  857
855  858
855  861
855  891
855  1035
856  857
856  858
856  862
856  892
856  1036
857  858
857  863
857  893
857  1037
858  864
858  894
858  1038
859  860
859  861
859  862
859  863
859  864
859  895
859  1039
860  861
860  862
860  863
860  864
860  896
860  1040
861  862
861  863
861  864
861  897
861  1041
862  863
862  864
862  898
862  1042
863  864
863  899
863  1043
864  900
864  1044
865  866
865  867
865  868
865  869
865  870
865  871
865  877
865  883
865  889
865  895
865  1045
866  867
866  868
866  869
866  870
866  872
866  878
866  884
866  890
866  896
866  1046
867  868
867  869
867  870
867  873
867  879
867  885
867  891
867  897
867  1047
868  869
868  870
868  874
868  880
868  886
868  892
868  898
868  1048
869  870
869  875
869  881
869  887
869  893
869  899
869  1049
870  876
870  882
870  888
870  894
870  900
870  1050
871  872
871  873
871  874
871  875
871  876
871  877
871  883
871  889
871  895
871  1051
872  873
872  874
872  875
872  876
872  878
872  884
872  890
872  896
872  1052
873  874
873  875
873  876
873  879
873  885
873  891
873  897
873  1053
874  875
874  876
874  880
874  886
874  892
874  898
874  1054
875  876
875  881
875  887
875  893
875  899
875  1055
876  882
876  888
876  894
876  900
876  1056
877  878
877  879
877  880
877  881
877  882
877  883
877  889
877  895
877  1057
878  879
878  880
878  881
878  882
878  884
878  890
878  896
878  1058
879  880
879  881
879  882
879  885
879  891
879  897
879  1059
880  881
880  882
880  886
880  892
880  898
880  1060
881  882
881  887
881  893
881  899
881  1061
882  888
882  894
882  900
882  1062
883  884
883  885
883  886
883  887
883  888
883  889
883  895
883  1063
884  885
884  886
884  887
884  888
884  890
884  896
884  1064
885  886
885  887
885  888
885  891
885  897
885  1065
886  887
886  888
886  892
886  898
886  1066
887  888
887  893
887  899
887  1067
888  894
888  900
888  1068
889  890
889  891
889  892
889  893
889  894
889  895
889  1069
890  891
890  892
890  893
890  894
890  896
890  1070
891  892
891  893
891  894
891  897
891  1071
892  893
892  894
892  898
892  1072
893  894
893  899
893  1073
894  900
894  1074
895  896
895  897
895  898
895  899
895  900
895  1075
896  897
896  898
896  899
896  900
896  1076
897  898
897  899
897  900
897  1077
898  899
898  900
898  1078
899  900
899  1079
900  1080
901  902
901  903
901  904
901  905
901  906
901  907
901  913
901  919
901  925
901  931
901  937
901  973
901  1009
901  1045
902  903
902  904
902  905
902  906
902  908
902  914
902  920
902  926
902  932
902  938
902  974
902  1010
902  1046
903  904
903  905
903  906
903  909
903  915
903  921
903  927
903  933
903  939
903  975
903  1011
903  1047
904  905
904  906
904  910
904  916
904  922
904  928
904  934
904  940
904  976
904  1012
904  1048
905  906
905  911
905  917
905  923
905  929
905  935
905  941
905  977
905  1013
905  1049
906  912
906  918
906  924
906  930
906  936
906  942
906  978
906  1014
906  1050
907  908
907  909
907  910
907  911
907  912
907  913
907  919
907  925
907  931
907  943
907  979
907  1015
907  1051
908  909
908  910
908  911
908  912
908  914
908  920
908  926
908  932
908  944
908  980
908  1016
908  1052
909  910
909  911
909  912
909  915
909  921
909  927
909  933
909  945
909  981
909  1017
909  1053
910  911
910  912
910  916
910  922
910  928
910  934
910  946
910  982
910  1018
910  1054
911  912
911  917
911  923
911  929
911  935
911  947
911  983
911  1019
911  1055
912  918
912  924
912  930
912  936
912  948
912  984
912  1020
912  1056
913  914
913  915
913  916
913  917
913  918
913  919
913  925
913  931
913  949
913  985
913  1021
913  1057
914  915
914  916
914  917
914  918
914  920
914  926
914  932
914  950
914  986
914  1022
914  1058
915  916
915  917
915  918
915  921
915  927
915  933
915  951
915  987
915  1023
915  1059
916  917
916  918
916  922
916  928
916  934
916  952
916  988
916  1024
916  1060
917  918
917  923
917  929
917  935
917  953
917  989
917  1025
917  1061
918  924
918  930
918  936
918  954
918  990
918  1026
918  1062
919  920
919  921
919  922
919  923
919  924
919  925
919  931
919  955
919  991
919  1027
919  1063
920  921
920  922
920  923
920  924
920  926
920  932
920  956
920  992
920  1028
920  1064
921  922
921  923
921  924
921  927
921  933
921  957
921  993
921  1029
921  1065
922  923
922  924
922  928
922  934
922  958
922  994
922  1030
922  1066
923  924
923  929
923  935
923  959
923  995
923  1031
923  1067
924  930
924  936
924  960
924  996
924  1032
924  1068
925  926
925  927
925  928
925  929
925  930
925  931
925  961
925  997
925  1033
925  1069
926  927
926  928
926  929
926  930
926  932
926  962
926  998
926  1034
926  1070
927  928
927  929
927  930
927  933
927  963
927  999
927  1035
927  1071
928  929
928  930
928  934
928  964
928  1000
928  1036
928  1072
929  930
929  935
929  965
929  1001
929  1037
929  1073
930  936
930  966
930  1002
930  1038
930  1074
931  932
931  933
931  934
931  935
931  936
931  967
931  1003
931  1039
931  1075
932  933
932  934
932  935
932  936
932  968
932  1004
932  1040
932  1076
933  934
933  935
933  936
933  969
933  1005
933  1041
933  1077
934  935
934  936
934  970
934  1006
934  1042
934  1078
935  936
935  971
935  1007
935  1043
935  1079
936  972
936  1008
936  1044
936  1080
937  938
937  939
937  940
937  941
937  942
937  943
937  949
937  955
937  961
937  967
937  973
937  1009
937  1045
938  939
938  940
938  941
938  942
938  944
938  950
938  956
938  962
938  968
938  974
938  1010
938  1046
939  940
939  941
939  942
939  945
939  951
939  957
939  963
939  969
939  975
939  1011
939  1047
940  941
940  942
940  946
940  952
940  958
940  964
940  970
940  976
940  1012
940  1048
941  942
941  947
941  953
941  959
941  965
941  971
941  977
941  1013
941  1049
942  948
942  954
942  960
942  966
942  972
942  978
942  1014
942  1050
943  944
943  945
943  946
943  947
943  948
943  949
943  955
943  961
943  967
943  979
943  1015
943  1051
944  945
944  946
944  947
944  948
944  950
944  956
944  962
944  968
944  980
944  1016
944  1052
945  946
945  947
945  948
945  951
945  957
945  963
945  969
945  981
945  1017
945  1053
946  947
946  948
946  952
946  958
946  964
946  970
946  982
946  1018
946  1054
947  948
947  953
947  959
947  965
947  971
947  983
947  1019
947  1055
948  954
948  960
948  966
948  972
948  984
948  1020
948  1056
949  950
949  951
949  952
949  953
949  954
949  955
949  961
949  967
949  985
949  1021
949  1057
950  951
950  952
950  953
950  954
950  956
950  962
950  968
950  986
950  1022
950  1058
951  952
951  953
951  954
951  957
951  963
951  969
951  987
951  1023
951  1059
952  953
952  954
952  958
952  964
952  970
952  988
952  1024
952  1060
953  954
953  959
953  965
953  971
953  989
953  1025
953  1061
954  960
954  966
954  972
954  990
954  1026
954  1062
955  956
955  957
955  958
955  959
955  960
955  961
955  967
955  991
955  1027
955  1063
956  957
956  958
956  959
956  960
956  962
956  968
956  992
956  1028
956  1064
957  958
957  959
957  960
957  963
957  969
957  993
957  1029
957  1065
958  959
958  960
958  964
958  970
958  994
958  1030
958  1066
959  960
959  965
959  971
959  995
959  1031
959  1067
960  966
960  972
960  996
960  1032
960  1068
961  962
961  963
961  964
961  965
961  966
961  967
961  997
961  1033
961  1069
962  963
962  964
962  965
962  966
962  968
962  998
962  1034
962  1070
963  964
963  965
963  966
963  969
963  999
963  1035
963  1071
964  965
964  966
964  970
964  1000
964  1036
964  1072
965  966
965  971
965  1001
965  1037
965  1073
966  972
966  1002
966  1038
966  1074
967  968
967  969
967  970
967  971
967  972
967  1003
967  1039
967  1075
968  969
968  970
968  971
968  972
968  1004
968  1040
968  1076
969  970
969  971
969  972
969  1005
969  1041
969  1077
970  971
970  972
970  1006
970  1042
970  1078
971  972
971  1007
971  1043
971  1079
972  1008
972  1044
972  1080
973  974
973  975
973  976
973  977
973  978
973  979
973  985
973  991
973  997
973  1003
973  1009
973  1045
974  975
974  976
974  977
974  978
974  980
974  986
974  992
974  998
974  1004
974  1010
974  1046
975  976
975  977
975  978
975  981
975  987
975  993
975  999
975  1005
975  1011
975  1047
976  977
976  978
976  982
976  988
976  994
976  1000
976  1006
976  1012
976  1048
977  978
977  983
977  989
977  995
977  1001
977  1007
977  1013
977  1049
978  984
978  990
978  996
978  1002
978  1008
978  1014
978  1050
979  980
979  981
979  982
979  983
979  984
979  985
979  991
979  997
979  1003
979  1015
979  1051
980  981
980  982
980  983
980  984
980  986
980  992
980  998
980  1004
980  1016
980  1052
981  982
981  983
981  984
981  987
981  993
981  999
981  1005
981  1017
981  1053
982  983
982  984
982  988
982  994
982  1000
982  1006
982  1018
982  1054
983  984
983  989
983  995
983  1001
983  1007
983  1019
983  1055
984  990
984  996
984  1002
984  1008
984  1020
984  1056
985  986
985  987
985  988
985  989
985  990
985  991
985  997
985  1003
985  1021
985  1057
986  987
986  988
986  989
986  990
986  992
986  998
986  1004
986  1022
986  1058
987  988
987  989
987  990
987  993
987  999
987  1005
987  1023
987  1059
988  989
988  990
988  994
988  1000
988  1006
988  1024
988  1060
989  990
989  995
989  1001
989  1007
989  1025
989  1061
990  996
990  1002
990  1008
990  1026
990  1062
991  992
991  993
991  994
991  995
991  996
991  997
991  1003
991  1027
991  1063
992  993
992  994
992  995
992  996
992  998
992  1004
992  1028
992  1064
993  994
993  995
993  996
993  999
993  1005
993  1029
993  1065
994  995
994  996
994  1000
994  1006
994  1030
994  1066
995  996
995  1001
995  1007
995  1031
995  1067
996  1002
996  1008
996  1032
996  1068
997  998
997  999
997  1000
997  1001
997  1002
997  1003
997  1033
997  1069
998  999
998  1000
998  1001
998  1002
998  1004
998  1034
998  1070
999  1000
999  1001
999  1002
999  1005
999  1035
999  1071
1000  1001
1000  1002
1000  1006
1000  1036
1000  1072
1001  1002
1001  1007
1001  1037
1001  1073
1002  1008
1002  1038
1002  1074
1003  1004
1003  1005
1003  1006
1003  1007
1003  1008
1003  1039
1003  1075
1004  1005
1004  1006
1004  1007
1004  1008
1004  1040
1004  1076
1005  1006
1005  1007
1005  1008
1005  1041
1005  1077
1006  1007
1006  1008
1006  1042
1006  1078
1007  1008
1007  1043
1007  1079
1008  1044
1008  1080
1009  1010
1009  1011
1009  1012
1009  1013
1009  1014
1009  1015
1009  1021
1009  1027
1009  1033
1009  1039
1009  1045
1010  1011
1010  1012
1010  1013
1010  1014
1010  1016
1010  1022
1010  1028
1010  1034
1010  1040
1010  1046
1011  1012
1011  1013
1011  1014
1011  1017
1011  1023
1011  1029
1011  1035
1011  1041
1011  1047
1012  1013
1012  1014
1012  1018
1012  1024
1012  1030
1012  1036
1012  1042
1012  1048
1013  1014
1013  1019
1013  1025
1013  1031
1013  1037
1013  1043
1013  1049
1014  1020
1014  1026
1014  1032
1014  1038
1014  1044
1014  1050
1015  1016
1015  1017
1015  1018
1015  1019
1015  1020
1015  1021
1015  1027
1015  1033
1015  1039
1015  1051
1016  1017
1016  1018
1016  1019
1016  1020
1016  1022
1016  1028
1016  1034
1016  1040
1016  1052
1017  1018
1017  1019
1017  1020
1017  1023
1017  1029
1017  1035
1017  1041
1017  1053
1018  1019
1018  1020
1018  1024
1018  1030
1018  1036
1018  1042
1018  1054
1019  1020
1019  1025
1019  1031
1019  1037
1019  1043
1019  1055
1020  1026
1020  1032
1020  1038
1020  1044
1020  1056
1021  1022
1021  1023
1021  1024
1021  1025
1021  1026
1021  1027
1021  1033
1021  1039
1021  1057
1022  1023
1022  1024
1022  1025
1022  1026
1022  1028
1022  1034
1022  1040
1022  1058
1023  1024
1023  1025
1023  1026
1023  1029
1023  1035
1023  1041
1023  1059
1024  1025
1024  1026
1024  1030
1024  1036
1024  1042
1024  1060
1025  1026
1025  1031
1025  1037
1025  1043
1025  1061
1026  1032
1026  1038
1026  1044
1026  1062
1027  1028
1027  1029
1027  1030
1027  1031
1027  1032
1027  1033
1027  1039
1027  1063
1028  1029
1028  1030
1028  1031
1028  1032
1028  1034
1028  1040
1028  1064
1029  1030
1029  1031
1029  1032
1029  1035
1029  1041
1029  1065
1030  1031
1030  1032
1030  1036
1030  1042
1030  1066
1031  1032
1031  1037
1031  1043
1031  1067
1032  1038
1032  1044
1032  1068
1033  1034
1033  1035
1033  1036
1033  1037
1033  1038
1033  1039
1033  1069
1034  1035
1034  1036
1034  1037
1034  1038
1034  1040
1034  1070
1035  1036
1035  1037
1035  1038
1035  1041
1035  1071
1036  1037
1036  1038
1036  1042
1036  1072
1037  1038
1037  1043
1037  1073
1038  1044
1038  1074
1039  1040
1039  1041
1039  1042
1039  1043
1039  1044
1039  1075
1040  1041
1040  1042
1040  1043
1040  1044
1040  1076
1041  1042
1041  1043
1041  1044
1041  1077
1042  1043
1042  1044
1042  1078
1043  1044
1043  1079
1044  1080
1045  1046
1045  1047
1045  1048
1045  1049
1045  1050
1045  1051
1045  1057
1045  1063
1045  1069
1045  1075
1046  1047
1046  1048
1046  1049
1046  1050
1046  1052
1046  1058
1046  1064
1046  1070
1046  1076
1047  1048
1047  1049
1047  1050
1047  1053
1047  1059
1047  1065
1047  1071
1047  1077
1048  1049
1048  1050
1048  1054
1048  1060
1048  1066
1048  1072
1048  1078
1049  1050
1049  1055
1049  1061
1049  1067
1049  1073
1049  1079
1050  1056
1050  1062
1050  1068
1050  1074
1050  1080
1051  1052
1051  1053
1051  1054
1051  1055
1051  1056
1051  1057
1051  1063
1051  1069
1051  1075
1052  1053
1052  1054
1052  1055
1052  1056
1052  1058
1052  1064
1052  1070
1052  1076
1053  1054
1053  1055
1053  1056
1053  1059
1053  1065
1053  1071
1053  1077
1054  1055
1054  1056
1054  1060
1054  1066
1054  1072
1054  1078
1055  1056
1055  1061
1055  1067
1055  1073
1055  1079
1056  1062
1056  1068
1056  1074
1056  1080
1057  1058
1057  1059
1057  1060
1057  1061
1057  1062
1057  1063
1057  1069
1057  1075
1058  1059
1058  1060
1058  1061
1058  1062
1058  1064
1058  1070
1058  1076
1059  1060
1059  1061
1059  1062
1059  1065
1059  1071
1059  1077
1060  1061
1060  1062
1060  1066
1060  1072
1060  1078
1061  1062
1061  1067
1061  1073
1061  1079
1062  1068
1062  1074
1062  1080
1063  1064
1063  1065
1063  1066
1063  1067
1063  1068
1063  1069
1063  1075
1064  1065
1064  1066
1064  1067
1064  1068
1064  1070
1064  1076
1065  1066
1065  1067
1065  1068
1065  1071
1065  1077
1066  1067
1066  1068
1066  1072
1066  1078
1067  1068
1067  1073
1067  1079
1068  1074
1068  1080
1069  1070
1069  1071
1069  1072
1069  1073
1069  1074
1069  1075
1070  1071
1070  1072
1070  1073
1070  1074
1070  1076
1071  1072
1071  1073
1071  1074
1071  1077
1072  1073
1072  1074
1072  1078
1073  1074
1073  1079
1074  1080
1075  1076
1075  1077
1075  1078
1075  1079
1075  1080
1076  1077
1076  1078
1076  1079
1076  1080
1077  1078
1077  1079
1077  1080
1078  1079
1078  1080
1079  1080
