Problem name: hamming2x3x4x5x8.txt 	 Optimal solution = 120
960 960 8160
1  2
1  3
1  4
1  5
1  6
1  7
1  8
1  9
1  17
1  25
1  33
1  41
1  81
1  121
1  161
1  321
1  481
2  3
2  4
2  5
2  6
2  7
2  8
2  10
2  18
2  26
2  34
2  42
2  82
2  122
2  162
2  322
2  482
3  4
3  5
3  6
3  7
3  8
3  11
3  19
3  27
3  35
3  43
3  83
3  123
3  163
3  323
3  483
4  5
4  6
4  7
4  8
4  12
4  20
4  28
4  36
4  44
4  84
4  124
4  164
4  324
4  484
5  6
5  7
5  8
5  13
5  21
5  29
5  37
5  45
5  85
5  125
5  165
5  325
5  485
6  7
6  8
6  14
6  22
6  30
6  38
6  46
6  86
6  126
6  166
6  326
6  486
7  8
7  15
7  23
7  31
7  39
7  47
7  87
7  127
7  167
7  327
7  487
8  16
8  24
8  32
8  40
8  48
8  88
8  128
8  168
8  328
8  488
9  10
9  11
9  12
9  13
9  14
9  15
9  16
9  17
9  25
9  33
9  49
9  89
9  129
9  169
9  329
9  489
10  11
10  12
10  13
10  14
10  15
10  16
10  18
10  26
10  34
10  50
10  90
10  130
10  170
10  330
10  490
11  12
11  13
11  14
11  15
11  16
11  19
11  27
11  35
11  51
11  91
11  131
11  171
11  331
11  491
12  13
12  14
12  15
12  16
12  20
12  28
12  36
12  52
12  92
12  132
12  172
12  332
12  492
13  14
13  15
13  16
13  21
13  29
13  37
13  53
13  93
13  133
13  173
13  333
13  493
14  15
14  16
14  22
14  30
14  38
14  54
14  94
14  134
14  174
14  334
14  494
15  16
15  23
15  31
15  39
15  55
15  95
15  135
15  175
15  335
15  495
16  24
16  32
16  40
16  56
16  96
16  136
16  176
16  336
16  496
17  18
17  19
17  20
17  21
17  22
17  23
17  24
17  25
17  33
17  57
17  97
17  137
17  177
17  337
17  497
18  19
18  20
18  21
18  22
18  23
18  24
18  26
18  34
18  58
18  98
18  138
18  178
18  338
18  498
19  20
19  21
19  22
19  23
19  24
19  27
19  35
19  59
19  99
19  139
19  179
19  339
19  499
20  21
20  22
20  23
20  24
20  28
20  36
20  60
20  100
20  140
20  180
20  340
20  500
21  22
21  23
21  24
21  29
21  37
21  61
21  101
21  141
21  181
21  341
21  501
22  23
22  24
22  30
22  38
22  62
22  102
22  142
22  182
22  342
22  502
23  24
23  31
23  39
23  63
23  103
23  143
23  183
23  343
23  503
24  32
24  40
24  64
24  104
24  144
24  184
24  344
24  504
25  26
25  27
25  28
25  29
25  30
25  31
25  32
25  33
25  65
25  105
25  145
25  185
25  345
25  505
26  27
26  28
26  29
26  30
26  31
26  32
26  34
26  66
26  106
26  146
26  186
26  346
26  506
27  28
27  29
27  30
27  31
27  32
27  35
27  67
27  107
27  147
27  187
27  347
27  507
28  29
28  30
28  31
28  32
28  36
28  68
28  108
28  148
28  188
28  348
28  508
29  30
29  31
29  32
29  37
29  69
29  109
29  149
29  189
29  349
29  509
30  31
30  32
30  38
30  70
30  110
30  150
30  190
30  350
30  510
31  32
31  39
31  71
31  111
31  151
31  191
31  351
31  511
32  40
32  72
32  112
32  152
32  192
32  352
32  512
33  34
33  35
33  36
33  37
33  38
33  39
33  40
33  73
33  113
33  153
33  193
33  353
33  513
34  35
34  36
34  37
34  38
34  39
34  40
34  74
34  114
34  154
34  194
34  354
34  514
35  36
35  37
35  38
35  39
35  40
35  75
35  115
35  155
35  195
35  355
35  515
36  37
36  38
36  39
36  40
36  76
36  116
36  156
36  196
36  356
36  516
37  38
37  39
37  40
37  77
37  117
37  157
37  197
37  357
37  517
38  39
38  40
38  78
38  118
38  158
38  198
38  358
38  518
39  40
39  79
39  119
39  159
39  199
39  359
39  519
40  80
40  120
40  160
40  200
40  360
40  520
41  42
41  43
41  44
41  45
41  46
41  47
41  48
41  49
41  57
41  65
41  73
41  81
41  121
41  201
41  361
41  521
42  43
42  44
42  45
42  46
42  47
42  48
42  50
42  58
42  66
42  74
42  82
42  122
42  202
42  362
42  522
43  44
43  45
43  46
43  47
43  48
43  51
43  59
43  67
43  75
43  83
43  123
43  203
43  363
43  523
44  45
44  46
44  47
44  48
44  52
44  60
44  68
44  76
44  84
44  124
44  204
44  364
44  524
45  46
45  47
45  48
45  53
45  61
45  69
45  77
45  85
45  125
45  205
45  365
45  525
46  47
46  48
46  54
46  62
46  70
46  78
46  86
46  126
46  206
46  366
46  526
47  48
47  55
47  63
47  71
47  79
47  87
47  127
47  207
47  367
47  527
48  56
48  64
48  72
48  80
48  88
48  128
48  208
48  368
48  528
49  50
49  51
49  52
49  53
49  54
49  55
49  56
49  57
49  65
49  73
49  89
49  129
49  209
49  369
49  529
50  51
50  52
50  53
50  54
50  55
50  56
50  58
50  66
50  74
50  90
50  130
50  210
50  370
50  530
51  52
51  53
51  54
51  55
51  56
51  59
51  67
51  75
51  91
51  131
51  211
51  371
51  531
52  53
52  54
52  55
52  56
52  60
52  68
52  76
52  92
52  132
52  212
52  372
52  532
53  54
53  55
53  56
53  61
53  69
53  77
53  93
53  133
53  213
53  373
53  533
54  55
54  56
54  62
54  70
54  78
54  94
54  134
54  214
54  374
54  534
55  56
55  63
55  71
55  79
55  95
55  135
55  215
55  375
55  535
56  64
56  72
56  80
56  96
56  136
56  216
56  376
56  536
57  58
57  59
57  60
57  61
57  62
57  63
57  64
57  65
57  73
57  97
57  137
57  217
57  377
57  537
58  59
58  60
58  61
58  62
58  63
58  64
58  66
58  74
58  98
58  138
58  218
58  378
58  538
59  60
59  61
59  62
59  63
59  64
59  67
59  75
59  99
59  139
59  219
59  379
59  539
60  61
60  62
60  63
60  64
60  68
60  76
60  100
60  140
60  220
60  380
60  540
61  62
61  63
61  64
61  69
61  77
61  101
61  141
61  221
61  381
61  541
62  63
62  64
62  70
62  78
62  102
62  142
62  222
62  382
62  542
63  64
63  71
63  79
63  103
63  143
63  223
63  383
63  543
64  72
64  80
64  104
64  144
64  224
64  384
64  544
65  66
65  67
65  68
65  69
65  70
65  71
65  72
65  73
65  105
65  145
65  225
65  385
65  545
66  67
66  68
66  69
66  70
66  71
66  72
66  74
66  106
66  146
66  226
66  386
66  546
67  68
67  69
67  70
67  71
67  72
67  75
67  107
67  147
67  227
67  387
67  547
68  69
68  70
68  71
68  72
68  76
68  108
68  148
68  228
68  388
68  548
69  70
69  71
69  72
69  77
69  109
69  149
69  229
69  389
69  549
70  71
70  72
70  78
70  110
70  150
70  230
70  390
70  550
71  72
71  79
71  111
71  151
71  231
71  391
71  551
72  80
72  112
72  152
72  232
72  392
72  552
73  74
73  75
73  76
73  77
73  78
73  79
73  80
73  113
73  153
73  233
73  393
73  553
74  75
74  76
74  77
74  78
74  79
74  80
74  114
74  154
74  234
74  394
74  554
75  76
75  77
75  78
75  79
75  80
75  115
75  155
75  235
75  395
75  555
76  77
76  78
76  79
76  80
76  116
76  156
76  236
76  396
76  556
77  78
77  79
77  80
77  117
77  157
77  237
77  397
77  557
78  79
78  80
78  118
78  158
78  238
78  398
78  558
79  80
79  119
79  159
79  239
79  399
79  559
80  120
80  160
80  240
80  400
80  560
81  82
81  83
81  84
81  85
81  86
81  87
81  88
81  89
81  97
81  105
81  113
81  121
81  241
81  401
81  561
82  83
82  84
82  85
82  86
82  87
82  88
82  90
82  98
82  106
82  114
82  122
82  242
82  402
82  562
83  84
83  85
83  86
83  87
83  88
83  91
83  99
83  107
83  115
83  123
83  243
83  403
83  563
84  85
84  86
84  87
84  88
84  92
84  100
84  108
84  116
84  124
84  244
84  404
84  564
85  86
85  87
85  88
85  93
85  101
85  109
85  117
85  125
85  245
85  405
85  565
86  87
86  88
86  94
86  102
86  110
86  118
86  126
86  246
86  406
86  566
87  88
87  95
87  103
87  111
87  119
87  127
87  247
87  407
87  567
88  96
88  104
88  112
88  120
88  128
88  248
88  408
88  568
89  90
89  91
89  92
89  93
89  94
89  95
89  96
89  97
89  105
89  113
89  129
89  249
89  409
89  569
90  91
90  92
90  93
90  94
90  95
90  96
90  98
90  106
90  114
90  130
90  250
90  410
90  570
91  92
91  93
91  94
91  95
91  96
91  99
91  107
91  115
91  131
91  251
91  411
91  571
92  93
92  94
92  95
92  96
92  100
92  108
92  116
92  132
92  252
92  412
92  572
93  94
93  95
93  96
93  101
93  109
93  117
93  133
93  253
93  413
93  573
94  95
94  96
94  102
94  110
94  118
94  134
94  254
94  414
94  574
95  96
95  103
95  111
95  119
95  135
95  255
95  415
95  575
96  104
96  112
96  120
96  136
96  256
96  416
96  576
97  98
97  99
97  100
97  101
97  102
97  103
97  104
97  105
97  113
97  137
97  257
97  417
97  577
98  99
98  100
98  101
98  102
98  103
98  104
98  106
98  114
98  138
98  258
98  418
98  578
99  100
99  101
99  102
99  103
99  104
99  107
99  115
99  139
99  259
99  419
99  579
100  101
100  102
100  103
100  104
100  108
100  116
100  140
100  260
100  420
100  580
101  102
101  103
101  104
101  109
101  117
101  141
101  261
101  421
101  581
102  103
102  104
102  110
102  118
102  142
102  262
102  422
102  582
103  104
103  111
103  119
103  143
103  263
103  423
103  583
104  112
104  120
104  144
104  264
104  424
104  584
105  106
105  107
105  108
105  109
105  110
105  111
105  112
105  113
105  145
105  265
105  425
105  585
106  107
106  108
106  109
106  110
106  111
106  112
106  114
106  146
106  266
106  426
106  586
107  108
107  109
107  110
107  111
107  112
107  115
107  147
107  267
107  427
107  587
108  109
108  110
108  111
108  112
108  116
108  148
108  268
108  428
108  588
109  110
109  111
109  112
109  117
109  149
109  269
109  429
109  589
110  111
110  112
110  118
110  150
110  270
110  430
110  590
111  112
111  119
111  151
111  271
111  431
111  591
112  120
112  152
112  272
112  432
112  592
113  114
113  115
113  116
113  117
113  118
113  119
113  120
113  153
113  273
113  433
113  593
114  115
114  116
114  117
114  118
114  119
114  120
114  154
114  274
114  434
114  594
115  116
115  117
115  118
115  119
115  120
115  155
115  275
115  435
115  595
116  117
116  118
116  119
116  120
116  156
116  276
116  436
116  596
117  118
117  119
117  120
117  157
117  277
117  437
117  597
118  119
118  120
118  158
118  278
118  438
118  598
119  120
119  159
119  279
119  439
119  599
120  160
120  280
120  440
120  600
121  122
121  123
121  124
121  125
121  126
121  127
121  128
121  129
121  137
121  145
121  153
121  281
121  441
121  601
122  123
122  124
122  125
122  126
122  127
122  128
122  130
122  138
122  146
122  154
122  282
122  442
122  602
123  124
123  125
123  126
123  127
123  128
123  131
123  139
123  147
123  155
123  283
123  443
123  603
124  125
124  126
124  127
124  128
124  132
124  140
124  148
124  156
124  284
124  444
124  604
125  126
125  127
125  128
125  133
125  141
125  149
125  157
125  285
125  445
125  605
126  127
126  128
126  134
126  142
126  150
126  158
126  286
126  446
126  606
127  128
127  135
127  143
127  151
127  159
127  287
127  447
127  607
128  136
128  144
128  152
128  160
128  288
128  448
128  608
129  130
129  131
129  132
129  133
129  134
129  135
129  136
129  137
129  145
129  153
129  289
129  449
129  609
130  131
130  132
130  133
130  134
130  135
130  136
130  138
130  146
130  154
130  290
130  450
130  610
131  132
131  133
131  134
131  135
131  136
131  139
131  147
131  155
131  291
131  451
131  611
132  133
132  134
132  135
132  136
132  140
132  148
132  156
132  292
132  452
132  612
133  134
133  135
133  136
133  141
133  149
133  157
133  293
133  453
133  613
134  135
134  136
134  142
134  150
134  158
134  294
134  454
134  614
135  136
135  143
135  151
135  159
135  295
135  455
135  615
136  144
136  152
136  160
136  296
136  456
136  616
137  138
137  139
137  140
137  141
137  142
137  143
137  144
137  145
137  153
137  297
137  457
137  617
138  139
138  140
138  141
138  142
138  143
138  144
138  146
138  154
138  298
138  458
138  618
139  140
139  141
139  142
139  143
139  144
139  147
139  155
139  299
139  459
139  619
140  141
140  142
140  143
140  144
140  148
140  156
140  300
140  460
140  620
141  142
141  143
141  144
141  149
141  157
141  301
141  461
141  621
142  143
142  144
142  150
142  158
142  302
142  462
142  622
143  144
143  151
143  159
143  303
143  463
143  623
144  152
144  160
144  304
144  464
144  624
145  146
145  147
145  148
145  149
145  150
145  151
145  152
145  153
145  305
145  465
145  625
146  147
146  148
146  149
146  150
146  151
146  152
146  154
146  306
146  466
146  626
147  148
147  149
147  150
147  151
147  152
147  155
147  307
147  467
147  627
148  149
148  150
148  151
148  152
148  156
148  308
148  468
148  628
149  150
149  151
149  152
149  157
149  309
149  469
149  629
150  151
150  152
150  158
150  310
150  470
150  630
151  152
151  159
151  311
151  471
151  631
152  160
152  312
152  472
152  632
153  154
153  155
153  156
153  157
153  158
153  159
153  160
153  313
153  473
153  633
154  155
154  156
154  157
154  158
154  159
154  160
154  314
154  474
154  634
155  156
155  157
155  158
155  159
155  160
155  315
155  475
155  635
156  157
156  158
156  159
156  160
156  316
156  476
156  636
157  158
157  159
157  160
157  317
157  477
157  637
158  159
158  160
158  318
158  478
158  638
159  160
159  319
159  479
159  639
160  320
160  480
160  640
161  162
161  163
161  164
161  165
161  166
161  167
161  168
161  169
161  177
161  185
161  193
161  201
161  241
161  281
161  321
161  641
162  163
162  164
162  165
162  166
162  167
162  168
162  170
162  178
162  186
162  194
162  202
162  242
162  282
162  322
162  642
163  164
163  165
163  166
163  167
163  168
163  171
163  179
163  187
163  195
163  203
163  243
163  283
163  323
163  643
164  165
164  166
164  167
164  168
164  172
164  180
164  188
164  196
164  204
164  244
164  284
164  324
164  644
165  166
165  167
165  168
165  173
165  181
165  189
165  197
165  205
165  245
165  285
165  325
165  645
166  167
166  168
166  174
166  182
166  190
166  198
166  206
166  246
166  286
166  326
166  646
167  168
167  175
167  183
167  191
167  199
167  207
167  247
167  287
167  327
167  647
168  176
168  184
168  192
168  200
168  208
168  248
168  288
168  328
168  648
169  170
169  171
169  172
169  173
169  174
169  175
169  176
169  177
169  185
169  193
169  209
169  249
169  289
169  329
169  649
170  171
170  172
170  173
170  174
170  175
170  176
170  178
170  186
170  194
170  210
170  250
170  290
170  330
170  650
171  172
171  173
171  174
171  175
171  176
171  179
171  187
171  195
171  211
171  251
171  291
171  331
171  651
172  173
172  174
172  175
172  176
172  180
172  188
172  196
172  212
172  252
172  292
172  332
172  652
173  174
173  175
173  176
173  181
173  189
173  197
173  213
173  253
173  293
173  333
173  653
174  175
174  176
174  182
174  190
174  198
174  214
174  254
174  294
174  334
174  654
175  176
175  183
175  191
175  199
175  215
175  255
175  295
175  335
175  655
176  184
176  192
176  200
176  216
176  256
176  296
176  336
176  656
177  178
177  179
177  180
177  181
177  182
177  183
177  184
177  185
177  193
177  217
177  257
177  297
177  337
177  657
178  179
178  180
178  181
178  182
178  183
178  184
178  186
178  194
178  218
178  258
178  298
178  338
178  658
179  180
179  181
179  182
179  183
179  184
179  187
179  195
179  219
179  259
179  299
179  339
179  659
180  181
180  182
180  183
180  184
180  188
180  196
180  220
180  260
180  300
180  340
180  660
181  182
181  183
181  184
181  189
181  197
181  221
181  261
181  301
181  341
181  661
182  183
182  184
182  190
182  198
182  222
182  262
182  302
182  342
182  662
183  184
183  191
183  199
183  223
183  263
183  303
183  343
183  663
184  192
184  200
184  224
184  264
184  304
184  344
184  664
185  186
185  187
185  188
185  189
185  190
185  191
185  192
185  193
185  225
185  265
185  305
185  345
185  665
186  187
186  188
186  189
186  190
186  191
186  192
186  194
186  226
186  266
186  306
186  346
186  666
187  188
187  189
187  190
187  191
187  192
187  195
187  227
187  267
187  307
187  347
187  667
188  189
188  190
188  191
188  192
188  196
188  228
188  268
188  308
188  348
188  668
189  190
189  191
189  192
189  197
189  229
189  269
189  309
189  349
189  669
190  191
190  192
190  198
190  230
190  270
190  310
190  350
190  670
191  192
191  199
191  231
191  271
191  311
191  351
191  671
192  200
192  232
192  272
192  312
192  352
192  672
193  194
193  195
193  196
193  197
193  198
193  199
193  200
193  233
193  273
193  313
193  353
193  673
194  195
194  196
194  197
194  198
194  199
194  200
194  234
194  274
194  314
194  354
194  674
195  196
195  197
195  198
195  199
195  200
195  235
195  275
195  315
195  355
195  675
196  197
196  198
196  199
196  200
196  236
196  276
196  316
196  356
196  676
197  198
197  199
197  200
197  237
197  277
197  317
197  357
197  677
198  199
198  200
198  238
198  278
198  318
198  358
198  678
199  200
199  239
199  279
199  319
199  359
199  679
200  240
200  280
200  320
200  360
200  680
201  202
201  203
201  204
201  205
201  206
201  207
201  208
201  209
201  217
201  225
201  233
201  241
201  281
201  361
201  681
202  203
202  204
202  205
202  206
202  207
202  208
202  210
202  218
202  226
202  234
202  242
202  282
202  362
202  682
203  204
203  205
203  206
203  207
203  208
203  211
203  219
203  227
203  235
203  243
203  283
203  363
203  683
204  205
204  206
204  207
204  208
204  212
204  220
204  228
204  236
204  244
204  284
204  364
204  684
205  206
205  207
205  208
205  213
205  221
205  229
205  237
205  245
205  285
205  365
205  685
206  207
206  208
206  214
206  222
206  230
206  238
206  246
206  286
206  366
206  686
207  208
207  215
207  223
207  231
207  239
207  247
207  287
207  367
207  687
208  216
208  224
208  232
208  240
208  248
208  288
208  368
208  688
209  210
209  211
209  212
209  213
209  214
209  215
209  216
209  217
209  225
209  233
209  249
209  289
209  369
209  689
210  211
210  212
210  213
210  214
210  215
210  216
210  218
210  226
210  234
210  250
210  290
210  370
210  690
211  212
211  213
211  214
211  215
211  216
211  219
211  227
211  235
211  251
211  291
211  371
211  691
212  213
212  214
212  215
212  216
212  220
212  228
212  236
212  252
212  292
212  372
212  692
213  214
213  215
213  216
213  221
213  229
213  237
213  253
213  293
213  373
213  693
214  215
214  216
214  222
214  230
214  238
214  254
214  294
214  374
214  694
215  216
215  223
215  231
215  239
215  255
215  295
215  375
215  695
216  224
216  232
216  240
216  256
216  296
216  376
216  696
217  218
217  219
217  220
217  221
217  222
217  223
217  224
217  225
217  233
217  257
217  297
217  377
217  697
218  219
218  220
218  221
218  222
218  223
218  224
218  226
218  234
218  258
218  298
218  378
218  698
219  220
219  221
219  222
219  223
219  224
219  227
219  235
219  259
219  299
219  379
219  699
220  221
220  222
220  223
220  224
220  228
220  236
220  260
220  300
220  380
220  700
221  222
221  223
221  224
221  229
221  237
221  261
221  301
221  381
221  701
222  223
222  224
222  230
222  238
222  262
222  302
222  382
222  702
223  224
223  231
223  239
223  263
223  303
223  383
223  703
224  232
224  240
224  264
224  304
224  384
224  704
225  226
225  227
225  228
225  229
225  230
225  231
225  232
225  233
225  265
225  305
225  385
225  705
226  227
226  228
226  229
226  230
226  231
226  232
226  234
226  266
226  306
226  386
226  706
227  228
227  229
227  230
227  231
227  232
227  235
227  267
227  307
227  387
227  707
228  229
228  230
228  231
228  232
228  236
228  268
228  308
228  388
228  708
229  230
229  231
229  232
229  237
229  269
229  309
229  389
229  709
230  231
230  232
230  238
230  270
230  310
230  390
230  710
231  232
231  239
231  271
231  311
231  391
231  711
232  240
232  272
232  312
232  392
232  712
233  234
233  235
233  236
233  237
233  238
233  239
233  240
233  273
233  313
233  393
233  713
234  235
234  236
234  237
234  238
234  239
234  240
234  274
234  314
234  394
234  714
235  236
235  237
235  238
235  239
235  240
235  275
235  315
235  395
235  715
236  237
236  238
236  239
236  240
236  276
236  316
236  396
236  716
237  238
237  239
237  240
237  277
237  317
237  397
237  717
238  239
238  240
238  278
238  318
238  398
238  718
239  240
239  279
239  319
239  399
239  719
240  280
240  320
240  400
240  720
241  242
241  243
241  244
241  245
241  246
241  247
241  248
241  249
241  257
241  265
241  273
241  281
241  401
241  721
242  243
242  244
242  245
242  246
242  247
242  248
242  250
242  258
242  266
242  274
242  282
242  402
242  722
243  244
243  245
243  246
243  247
243  248
243  251
243  259
243  267
243  275
243  283
243  403
243  723
244  245
244  246
244  247
244  248
244  252
244  260
244  268
244  276
244  284
244  404
244  724
245  246
245  247
245  248
245  253
245  261
245  269
245  277
245  285
245  405
245  725
246  247
246  248
246  254
246  262
246  270
246  278
246  286
246  406
246  726
247  248
247  255
247  263
247  271
247  279
247  287
247  407
247  727
248  256
248  264
248  272
248  280
248  288
248  408
248  728
249  250
249  251
249  252
249  253
249  254
249  255
249  256
249  257
249  265
249  273
249  289
249  409
249  729
250  251
250  252
250  253
250  254
250  255
250  256
250  258
250  266
250  274
250  290
250  410
250  730
251  252
251  253
251  254
251  255
251  256
251  259
251  267
251  275
251  291
251  411
251  731
252  253
252  254
252  255
252  256
252  260
252  268
252  276
252  292
252  412
252  732
253  254
253  255
253  256
253  261
253  269
253  277
253  293
253  413
253  733
254  255
254  256
254  262
254  270
254  278
254  294
254  414
254  734
255  256
255  263
255  271
255  279
255  295
255  415
255  735
256  264
256  272
256  280
256  296
256  416
256  736
257  258
257  259
257  260
257  261
257  262
257  263
257  264
257  265
257  273
257  297
257  417
257  737
258  259
258  260
258  261
258  262
258  263
258  264
258  266
258  274
258  298
258  418
258  738
259  260
259  261
259  262
259  263
259  264
259  267
259  275
259  299
259  419
259  739
260  261
260  262
260  263
260  264
260  268
260  276
260  300
260  420
260  740
261  262
261  263
261  264
261  269
261  277
261  301
261  421
261  741
262  263
262  264
262  270
262  278
262  302
262  422
262  742
263  264
263  271
263  279
263  303
263  423
263  743
264  272
264  280
264  304
264  424
264  744
265  266
265  267
265  268
265  269
265  270
265  271
265  272
265  273
265  305
265  425
265  745
266  267
266  268
266  269
266  270
266  271
266  272
266  274
266  306
266  426
266  746
267  268
267  269
267  270
267  271
267  272
267  275
267  307
267  427
267  747
268  269
268  270
268  271
268  272
268  276
268  308
268  428
268  748
269  270
269  271
269  272
269  277
269  309
269  429
269  749
270  271
270  272
270  278
270  310
270  430
270  750
271  272
271  279
271  311
271  431
271  751
272  280
272  312
272  432
272  752
273  274
273  275
273  276
273  277
273  278
273  279
273  280
273  313
273  433
273  753
274  275
274  276
274  277
274  278
274  279
274  280
274  314
274  434
274  754
275  276
275  277
275  278
275  279
275  280
275  315
275  435
275  755
276  277
276  278
276  279
276  280
276  316
276  436
276  756
277  278
277  279
277  280
277  317
277  437
277  757
278  279
278  280
278  318
278  438
278  758
279  280
279  319
279  439
279  759
280  320
280  440
280  760
281  282
281  283
281  284
281  285
281  286
281  287
281  288
281  289
281  297
281  305
281  313
281  441
281  761
282  283
282  284
282  285
282  286
282  287
282  288
282  290
282  298
282  306
282  314
282  442
282  762
283  284
283  285
283  286
283  287
283  288
283  291
283  299
283  307
283  315
283  443
283  763
284  285
284  286
284  287
284  288
284  292
284  300
284  308
284  316
284  444
284  764
285  286
285  287
285  288
285  293
285  301
285  309
285  317
285  445
285  765
286  287
286  288
286  294
286  302
286  310
286  318
286  446
286  766
287  288
287  295
287  303
287  311
287  319
287  447
287  767
288  296
288  304
288  312
288  320
288  448
288  768
289  290
289  291
289  292
289  293
289  294
289  295
289  296
289  297
289  305
289  313
289  449
289  769
290  291
290  292
290  293
290  294
290  295
290  296
290  298
290  306
290  314
290  450
290  770
291  292
291  293
291  294
291  295
291  296
291  299
291  307
291  315
291  451
291  771
292  293
292  294
292  295
292  296
292  300
292  308
292  316
292  452
292  772
293  294
293  295
293  296
293  301
293  309
293  317
293  453
293  773
294  295
294  296
294  302
294  310
294  318
294  454
294  774
295  296
295  303
295  311
295  319
295  455
295  775
296  304
296  312
296  320
296  456
296  776
297  298
297  299
297  300
297  301
297  302
297  303
297  304
297  305
297  313
297  457
297  777
298  299
298  300
298  301
298  302
298  303
298  304
298  306
298  314
298  458
298  778
299  300
299  301
299  302
299  303
299  304
299  307
299  315
299  459
299  779
300  301
300  302
300  303
300  304
300  308
300  316
300  460
300  780
301  302
301  303
301  304
301  309
301  317
301  461
301  781
302  303
302  304
302  310
302  318
302  462
302  782
303  304
303  311
303  319
303  463
303  783
304  312
304  320
304  464
304  784
305  306
305  307
305  308
305  309
305  310
305  311
305  312
305  313
305  465
305  785
306  307
306  308
306  309
306  310
306  311
306  312
306  314
306  466
306  786
307  308
307  309
307  310
307  311
307  312
307  315
307  467
307  787
308  309
308  310
308  311
308  312
308  316
308  468
308  788
309  310
309  311
309  312
309  317
309  469
309  789
310  311
310  312
310  318
310  470
310  790
311  312
311  319
311  471
311  791
312  320
312  472
312  792
313  314
313  315
313  316
313  317
313  318
313  319
313  320
313  473
313  793
314  315
314  316
314  317
314  318
314  319
314  320
314  474
314  794
315  316
315  317
315  318
315  319
315  320
315  475
315  795
316  317
316  318
316  319
316  320
316  476
316  796
317  318
317  319
317  320
317  477
317  797
318  319
318  320
318  478
318  798
319  320
319  479
319  799
320  480
320  800
321  322
321  323
321  324
321  325
321  326
321  327
321  328
321  329
321  337
321  345
321  353
321  361
321  401
321  441
321  801
322  323
322  324
322  325
322  326
322  327
322  328
322  330
322  338
322  346
322  354
322  362
322  402
322  442
322  802
323  324
323  325
323  326
323  327
323  328
323  331
323  339
323  347
323  355
323  363
323  403
323  443
323  803
324  325
324  326
324  327
324  328
324  332
324  340
324  348
324  356
324  364
324  404
324  444
324  804
325  326
325  327
325  328
325  333
325  341
325  349
325  357
325  365
325  405
325  445
325  805
326  327
326  328
326  334
326  342
326  350
326  358
326  366
326  406
326  446
326  806
327  328
327  335
327  343
327  351
327  359
327  367
327  407
327  447
327  807
328  336
328  344
328  352
328  360
328  368
328  408
328  448
328  808
329  330
329  331
329  332
329  333
329  334
329  335
329  336
329  337
329  345
329  353
329  369
329  409
329  449
329  809
330  331
330  332
330  333
330  334
330  335
330  336
330  338
330  346
330  354
330  370
330  410
330  450
330  810
331  332
331  333
331  334
331  335
331  336
331  339
331  347
331  355
331  371
331  411
331  451
331  811
332  333
332  334
332  335
332  336
332  340
332  348
332  356
332  372
332  412
332  452
332  812
333  334
333  335
333  336
333  341
333  349
333  357
333  373
333  413
333  453
333  813
334  335
334  336
334  342
334  350
334  358
334  374
334  414
334  454
334  814
335  336
335  343
335  351
335  359
335  375
335  415
335  455
335  815
336  344
336  352
336  360
336  376
336  416
336  456
336  816
337  338
337  339
337  340
337  341
337  342
337  343
337  344
337  345
337  353
337  377
337  417
337  457
337  817
338  339
338  340
338  341
338  342
338  343
338  344
338  346
338  354
338  378
338  418
338  458
338  818
339  340
339  341
339  342
339  343
339  344
339  347
339  355
339  379
339  419
339  459
339  819
340  341
340  342
340  343
340  344
340  348
340  356
340  380
340  420
340  460
340  820
341  342
341  343
341  344
341  349
341  357
341  381
341  421
341  461
341  821
342  343
342  344
342  350
342  358
342  382
342  422
342  462
342  822
343  344
343  351
343  359
343  383
343  423
343  463
343  823
344  352
344  360
344  384
344  424
344  464
344  824
345  346
345  347
345  348
345  349
345  350
345  351
345  352
345  353
345  385
345  425
345  465
345  825
346  347
346  348
346  349
346  350
346  351
346  352
346  354
346  386
346  426
346  466
346  826
347  348
347  349
347  350
347  351
347  352
347  355
347  387
347  427
347  467
347  827
348  349
348  350
348  351
348  352
348  356
348  388
348  428
348  468
348  828
349  350
349  351
349  352
349  357
349  389
349  429
349  469
349  829
350  351
350  352
350  358
350  390
350  430
350  470
350  830
351  352
351  359
351  391
351  431
351  471
351  831
352  360
352  392
352  432
352  472
352  832
353  354
353  355
353  356
353  357
353  358
353  359
353  360
353  393
353  433
353  473
353  833
354  355
354  356
354  357
354  358
354  359
354  360
354  394
354  434
354  474
354  834
355  356
355  357
355  358
355  359
355  360
355  395
355  435
355  475
355  835
356  357
356  358
356  359
356  360
356  396
356  436
356  476
356  836
357  358
357  359
357  360
357  397
357  437
357  477
357  837
358  359
358  360
358  398
358  438
358  478
358  838
359  360
359  399
359  439
359  479
359  839
360  400
360  440
360  480
360  840
361  362
361  363
361  364
361  365
361  366
361  367
361  368
361  369
361  377
361  385
361  393
361  401
361  441
361  841
362  363
362  364
362  365
362  366
362  367
362  368
362  370
362  378
362  386
362  394
362  402
362  442
362  842
363  364
363  365
363  366
363  367
363  368
363  371
363  379
363  387
363  395
363  403
363  443
363  843
364  365
364  366
364  367
364  368
364  372
364  380
364  388
364  396
364  404
364  444
364  844
365  366
365  367
365  368
365  373
365  381
365  389
365  397
365  405
365  445
365  845
366  367
366  368
366  374
366  382
366  390
366  398
366  406
366  446
366  846
367  368
367  375
367  383
367  391
367  399
367  407
367  447
367  847
368  376
368  384
368  392
368  400
368  408
368  448
368  848
369  370
369  371
369  372
369  373
369  374
369  375
369  376
369  377
369  385
369  393
369  409
369  449
369  849
370  371
370  372
370  373
370  374
370  375
370  376
370  378
370  386
370  394
370  410
370  450
370  850
371  372
371  373
371  374
371  375
371  376
371  379
371  387
371  395
371  411
371  451
371  851
372  373
372  374
372  375
372  376
372  380
372  388
372  396
372  412
372  452
372  852
373  374
373  375
373  376
373  381
373  389
373  397
373  413
373  453
373  853
374  375
374  376
374  382
374  390
374  398
374  414
374  454
374  854
375  376
375  383
375  391
375  399
375  415
375  455
375  855
376  384
376  392
376  400
376  416
376  456
376  856
377  378
377  379
377  380
377  381
377  382
377  383
377  384
377  385
377  393
377  417
377  457
377  857
378  379
378  380
378  381
378  382
378  383
378  384
378  386
378  394
378  418
378  458
378  858
379  380
379  381
379  382
379  383
379  384
379  387
379  395
379  419
379  459
379  859
380  381
380  382
380  383
380  384
380  388
380  396
380  420
380  460
380  860
381  382
381  383
381  384
381  389
381  397
381  421
381  461
381  861
382  383
382  384
382  390
382  398
382  422
382  462
382  862
383  384
383  391
383  399
383  423
383  463
383  863
384  392
384  400
384  424
384  464
384  864
385  386
385  387
385  388
385  389
385  390
385  391
385  392
385  393
385  425
385  465
385  865
386  387
386  388
386  389
386  390
386  391
386  392
386  394
386  426
386  466
386  866
387  388
387  389
387  390
387  391
387  392
387  395
387  427
387  467
387  867
388  389
388  390
388  391
388  392
388  396
388  428
388  468
388  868
389  390
389  391
389  392
389  397
389  429
389  469
389  869
390  391
390  392
390  398
390  430
390  470
390  870
391  392
391  399
391  431
391  471
391  871
392  400
392  432
392  472
392  872
393  394
393  395
393  396
393  397
393  398
393  399
393  400
393  433
393  473
393  873
394  395
394  396
394  397
394  398
394  399
394  400
394  434
394  474
394  874
395  396
395  397
395  398
395  399
395  400
395  435
395  475
395  875
396  397
396  398
396  399
396  400
396  436
396  476
396  876
397  398
397  399
397  400
397  437
397  477
397  877
398  399
398  400
398  438
398  478
398  878
399  400
399  439
399  479
399  879
400  440
400  480
400  880
401  402
401  403
401  404
401  405
401  406
401  407
401  408
401  409
401  417
401  425
401  433
401  441
401  881
402  403
402  404
402  405
402  406
402  407
402  408
402  410
402  418
402  426
402  434
402  442
402  882
403  404
403  405
403  406
403  407
403  408
403  411
403  419
403  427
403  435
403  443
403  883
404  405
404  406
404  407
404  408
404  412
404  420
404  428
404  436
404  444
404  884
405  406
405  407
405  408
405  413
405  421
405  429
405  437
405  445
405  885
406  407
406  408
406  414
406  422
406  430
406  438
406  446
406  886
407  408
407  415
407  423
407  431
407  439
407  447
407  887
408  416
408  424
408  432
408  440
408  448
408  888
409  410
409  411
409  412
409  413
409  414
409  415
409  416
409  417
409  425
409  433
409  449
409  889
410  411
410  412
410  413
410  414
410  415
410  416
410  418
410  426
410  434
410  450
410  890
411  412
411  413
411  414
411  415
411  416
411  419
411  427
411  435
411  451
411  891
412  413
412  414
412  415
412  416
412  420
412  428
412  436
412  452
412  892
413  414
413  415
413  416
413  421
413  429
413  437
413  453
413  893
414  415
414  416
414  422
414  430
414  438
414  454
414  894
415  416
415  423
415  431
415  439
415  455
415  895
416  424
416  432
416  440
416  456
416  896
417  418
417  419
417  420
417  421
417  422
417  423
417  424
417  425
417  433
417  457
417  897
418  419
418  420
418  421
418  422
418  423
418  424
418  426
418  434
418  458
418  898
419  420
419  421
419  422
419  423
419  424
419  427
419  435
419  459
419  899
420  421
420  422
420  423
420  424
420  428
420  436
420  460
420  900
421  422
421  423
421  424
421  429
421  437
421  461
421  901
422  423
422  424
422  430
422  438
422  462
422  902
423  424
423  431
423  439
423  463
423  903
424  432
424  440
424  464
424  904
425  426
425  427
425  428
425  429
425  430
425  431
425  432
425  433
425  465
425  905
426  427
426  428
426  429
426  430
426  431
426  432
426  434
426  466
426  906
427  428
427  429
427  430
427  431
427  432
427  435
427  467
427  907
428  429
428  430
428  431
428  432
428  436
428  468
428  908
429  430
429  431
429  432
429  437
429  469
429  909
430  431
430  432
430  438
430  470
430  910
431  432
431  439
431  471
431  911
432  440
432  472
432  912
433  434
433  435
433  436
433  437
433  438
433  439
433  440
433  473
433  913
434  435
434  436
434  437
434  438
434  439
434  440
434  474
434  914
435  436
435  437
435  438
435  439
435  440
435  475
435  915
436  437
436  438
436  439
436  440
436  476
436  916
437  438
437  439
437  440
437  477
437  917
438  439
438  440
438  478
438  918
439  440
439  479
439  919
440  480
440  920
441  442
441  443
441  444
441  445
441  446
441  447
441  448
441  449
441  457
441  465
441  473
441  921
442  443
442  444
442  445
442  446
442  447
442  448
442  450
442  458
442  466
442  474
442  922
443  444
443  445
443  446
443  447
443  448
443  451
443  459
443  467
443  475
443  923
444  445
444  446
444  447
444  448
444  452
444  460
444  468
444  476
444  924
445  446
445  447
445  448
445  453
445  461
445  469
445  477
445  925
446  447
446  448
446  454
446  462
446  470
446  478
446  926
447  448
447  455
447  463
447  471
447  479
447  927
448  456
448  464
448  472
448  480
448  928
449  450
449  451
449  452
449  453
449  454
449  455
449  456
449  457
449  465
449  473
449  929
450  451
450  452
450  453
450  454
450  455
450  456
450  458
450  466
450  474
450  930
451  452
451  453
451  454
451  455
451  456
451  459
451  467
451  475
451  931
452  453
452  454
452  455
452  456
452  460
452  468
452  476
452  932
453  454
453  455
453  456
453  461
453  469
453  477
453  933
454  455
454  456
454  462
454  470
454  478
454  934
455  456
455  463
455  471
455  479
455  935
456  464
456  472
456  480
456  936
457  458
457  459
457  460
457  461
457  462
457  463
457  464
457  465
457  473
457  937
458  459
458  460
458  461
458  462
458  463
458  464
458  466
458  474
458  938
459  460
459  461
459  462
459  463
459  464
459  467
459  475
459  939
460  461
460  462
460  463
460  464
460  468
460  476
460  940
461  462
461  463
461  464
461  469
461  477
461  941
462  463
462  464
462  470
462  478
462  942
463  464
463  471
463  479
463  943
464  472
464  480
464  944
465  466
465  467
465  468
465  469
465  470
465  471
465  472
465  473
465  945
466  467
466  468
466  469
466  470
466  471
466  472
466  474
466  946
467  468
467  469
467  470
467  471
467  472
467  475
467  947
468  469
468  470
468  471
468  472
468  476
468  948
469  470
469  471
469  472
469  477
469  949
470  471
470  472
470  478
470  950
471  472
471  479
471  951
472  480
472  952
473  474
473  475
473  476
473  477
473  478
473  479
473  480
473  953
474  475
474  476
474  477
474  478
474  479
474  480
474  954
475  476
475  477
475  478
475  479
475  480
475  955
476  477
476  478
476  479
476  480
476  956
477  478
477  479
477  480
477  957
478  479
478  480
478  958
479  480
479  959
480  960
481  482
481  483
481  484
481  485
481  486
481  487
481  488
481  489
481  497
481  505
481  513
481  521
481  561
481  601
481  641
481  801
482  483
482  484
482  485
482  486
482  487
482  488
482  490
482  498
482  506
482  514
482  522
482  562
482  602
482  642
482  802
483  484
483  485
483  486
483  487
483  488
483  491
483  499
483  507
483  515
483  523
483  563
483  603
483  643
483  803
484  485
484  486
484  487
484  488
484  492
484  500
484  508
484  516
484  524
484  564
484  604
484  644
484  804
485  486
485  487
485  488
485  493
485  501
485  509
485  517
485  525
485  565
485  605
485  645
485  805
486  487
486  488
486  494
486  502
486  510
486  518
486  526
486  566
486  606
486  646
486  806
487  488
487  495
487  503
487  511
487  519
487  527
487  567
487  607
487  647
487  807
488  496
488  504
488  512
488  520
488  528
488  568
488  608
488  648
488  808
489  490
489  491
489  492
489  493
489  494
489  495
489  496
489  497
489  505
489  513
489  529
489  569
489  609
489  649
489  809
490  491
490  492
490  493
490  494
490  495
490  496
490  498
490  506
490  514
490  530
490  570
490  610
490  650
490  810
491  492
491  493
491  494
491  495
491  496
491  499
491  507
491  515
491  531
491  571
491  611
491  651
491  811
492  493
492  494
492  495
492  496
492  500
492  508
492  516
492  532
492  572
492  612
492  652
492  812
493  494
493  495
493  496
493  501
493  509
493  517
493  533
493  573
493  613
493  653
493  813
494  495
494  496
494  502
494  510
494  518
494  534
494  574
494  614
494  654
494  814
495  496
495  503
495  511
495  519
495  535
495  575
495  615
495  655
495  815
496  504
496  512
496  520
496  536
496  576
496  616
496  656
496  816
497  498
497  499
497  500
497  501
497  502
497  503
497  504
497  505
497  513
497  537
497  577
497  617
497  657
497  817
498  499
498  500
498  501
498  502
498  503
498  504
498  506
498  514
498  538
498  578
498  618
498  658
498  818
499  500
499  501
499  502
499  503
499  504
499  507
499  515
499  539
499  579
499  619
499  659
499  819
500  501
500  502
500  503
500  504
500  508
500  516
500  540
500  580
500  620
500  660
500  820
501  502
501  503
501  504
501  509
501  517
501  541
501  581
501  621
501  661
501  821
502  503
502  504
502  510
502  518
502  542
502  582
502  622
502  662
502  822
503  504
503  511
503  519
503  543
503  583
503  623
503  663
503  823
504  512
504  520
504  544
504  584
504  624
504  664
504  824
505  506
505  507
505  508
505  509
505  510
505  511
505  512
505  513
505  545
505  585
505  625
505  665
505  825
506  507
506  508
506  509
506  510
506  511
506  512
506  514
506  546
506  586
506  626
506  666
506  826
507  508
507  509
507  510
507  511
507  512
507  515
507  547
507  587
507  627
507  667
507  827
508  509
508  510
508  511
508  512
508  516
508  548
508  588
508  628
508  668
508  828
509  510
509  511
509  512
509  517
509  549
509  589
509  629
509  669
509  829
510  511
510  512
510  518
510  550
510  590
510  630
510  670
510  830
511  512
511  519
511  551
511  591
511  631
511  671
511  831
512  520
512  552
512  592
512  632
512  672
512  832
513  514
513  515
513  516
513  517
513  518
513  519
513  520
513  553
513  593
513  633
513  673
513  833
514  515
514  516
514  517
514  518
514  519
514  520
514  554
514  594
514  634
514  674
514  834
515  516
515  517
515  518
515  519
515  520
515  555
515  595
515  635
515  675
515  835
516  517
516  518
516  519
516  520
516  556
516  596
516  636
516  676
516  836
517  518
517  519
517  520
517  557
517  597
517  637
517  677
517  837
518  519
518  520
518  558
518  598
518  638
518  678
518  838
519  520
519  559
519  599
519  639
519  679
519  839
520  560
520  600
520  640
520  680
520  840
521  522
521  523
521  524
521  525
521  526
521  527
521  528
521  529
521  537
521  545
521  553
521  561
521  601
521  681
521  841
522  523
522  524
522  525
522  526
522  527
522  528
522  530
522  538
522  546
522  554
522  562
522  602
522  682
522  842
523  524
523  525
523  526
523  527
523  528
523  531
523  539
523  547
523  555
523  563
523  603
523  683
523  843
524  525
524  526
524  527
524  528
524  532
524  540
524  548
524  556
524  564
524  604
524  684
524  844
525  526
525  527
525  528
525  533
525  541
525  549
525  557
525  565
525  605
525  685
525  845
526  527
526  528
526  534
526  542
526  550
526  558
526  566
526  606
526  686
526  846
527  528
527  535
527  543
527  551
527  559
527  567
527  607
527  687
527  847
528  536
528  544
528  552
528  560
528  568
528  608
528  688
528  848
529  530
529  531
529  532
529  533
529  534
529  535
529  536
529  537
529  545
529  553
529  569
529  609
529  689
529  849
530  531
530  532
530  533
530  534
530  535
530  536
530  538
530  546
530  554
530  570
530  610
530  690
530  850
531  532
531  533
531  534
531  535
531  536
531  539
531  547
531  555
531  571
531  611
531  691
531  851
532  533
532  534
532  535
532  536
532  540
532  548
532  556
532  572
532  612
532  692
532  852
533  534
533  535
533  536
533  541
533  549
533  557
533  573
533  613
533  693
533  853
534  535
534  536
534  542
534  550
534  558
534  574
534  614
534  694
534  854
535  536
535  543
535  551
535  559
535  575
535  615
535  695
535  855
536  544
536  552
536  560
536  576
536  616
536  696
536  856
537  538
537  539
537  540
537  541
537  542
537  543
537  544
537  545
537  553
537  577
537  617
537  697
537  857
538  539
538  540
538  541
538  542
538  543
538  544
538  546
538  554
538  578
538  618
538  698
538  858
539  540
539  541
539  542
539  543
539  544
539  547
539  555
539  579
539  619
539  699
539  859
540  541
540  542
540  543
540  544
540  548
540  556
540  580
540  620
540  700
540  860
541  542
541  543
541  544
541  549
541  557
541  581
541  621
541  701
541  861
542  543
542  544
542  550
542  558
542  582
542  622
542  702
542  862
543  544
543  551
543  559
543  583
543  623
543  703
543  863
544  552
544  560
544  584
544  624
544  704
544  864
545  546
545  547
545  548
545  549
545  550
545  551
545  552
545  553
545  585
545  625
545  705
545  865
546  547
546  548
546  549
546  550
546  551
546  552
546  554
546  586
546  626
546  706
546  866
547  548
547  549
547  550
547  551
547  552
547  555
547  587
547  627
547  707
547  867
548  549
548  550
548  551
548  552
548  556
548  588
548  628
548  708
548  868
549  550
549  551
549  552
549  557
549  589
549  629
549  709
549  869
550  551
550  552
550  558
550  590
550  630
550  710
550  870
551  552
551  559
551  591
551  631
551  711
551  871
552  560
552  592
552  632
552  712
552  872
553  554
553  555
553  556
553  557
553  558
553  559
553  560
553  593
553  633
553  713
553  873
554  555
554  556
554  557
554  558
554  559
554  560
554  594
554  634
554  714
554  874
555  556
555  557
555  558
555  559
555  560
555  595
555  635
555  715
555  875
556  557
556  558
556  559
556  560
556  596
556  636
556  716
556  876
557  558
557  559
557  560
557  597
557  637
557  717
557  877
558  559
558  560
558  598
558  638
558  718
558  878
559  560
559  599
559  639
559  719
559  879
560  600
560  640
560  720
560  880
561  562
561  563
561  564
561  565
561  566
561  567
561  568
561  569
561  577
561  585
561  593
561  601
561  721
561  881
562  563
562  564
562  565
562  566
562  567
562  568
562  570
562  578
562  586
562  594
562  602
562  722
562  882
563  564
563  565
563  566
563  567
563  568
563  571
563  579
563  587
563  595
563  603
563  723
563  883
564  565
564  566
564  567
564  568
564  572
564  580
564  588
564  596
564  604
564  724
564  884
565  566
565  567
565  568
565  573
565  581
565  589
565  597
565  605
565  725
565  885
566  567
566  568
566  574
566  582
566  590
566  598
566  606
566  726
566  886
567  568
567  575
567  583
567  591
567  599
567  607
567  727
567  887
568  576
568  584
568  592
568  600
568  608
568  728
568  888
569  570
569  571
569  572
569  573
569  574
569  575
569  576
569  577
569  585
569  593
569  609
569  729
569  889
570  571
570  572
570  573
570  574
570  575
570  576
570  578
570  586
570  594
570  610
570  730
570  890
571  572
571  573
571  574
571  575
571  576
571  579
571  587
571  595
571  611
571  731
571  891
572  573
572  574
572  575
572  576
572  580
572  588
572  596
572  612
572  732
572  892
573  574
573  575
573  576
573  581
573  589
573  597
573  613
573  733
573  893
574  575
574  576
574  582
574  590
574  598
574  614
574  734
574  894
575  576
575  583
575  591
575  599
575  615
575  735
575  895
576  584
576  592
576  600
576  616
576  736
576  896
577  578
577  579
577  580
577  581
577  582
577  583
577  584
577  585
577  593
577  617
577  737
577  897
578  579
578  580
578  581
578  582
578  583
578  584
578  586
578  594
578  618
578  738
578  898
579  580
579  581
579  582
579  583
579  584
579  587
579  595
579  619
579  739
579  899
580  581
580  582
580  583
580  584
580  588
580  596
580  620
580  740
580  900
581  582
581  583
581  584
581  589
581  597
581  621
581  741
581  901
582  583
582  584
582  590
582  598
582  622
582  742
582  902
583  584
583  591
583  599
583  623
583  743
583  903
584  592
584  600
584  624
584  744
584  904
585  586
585  587
585  588
585  589
585  590
585  591
585  592
585  593
585  625
585  745
585  905
586  587
586  588
586  589
586  590
586  591
586  592
586  594
586  626
586  746
586  906
587  588
587  589
587  590
587  591
587  592
587  595
587  627
587  747
587  907
588  589
588  590
588  591
588  592
588  596
588  628
588  748
588  908
589  590
589  591
589  592
589  597
589  629
589  749
589  909
590  591
590  592
590  598
590  630
590  750
590  910
591  592
591  599
591  631
591  751
591  911
592  600
592  632
592  752
592  912
593  594
593  595
593  596
593  597
593  598
593  599
593  600
593  633
593  753
593  913
594  595
594  596
594  597
594  598
594  599
594  600
594  634
594  754
594  914
595  596
595  597
595  598
595  599
595  600
595  635
595  755
595  915
596  597
596  598
596  599
596  600
596  636
596  756
596  916
597  598
597  599
597  600
597  637
597  757
597  917
598  599
598  600
598  638
598  758
598  918
599  600
599  639
599  759
599  919
600  640
600  760
600  920
601  602
601  603
601  604
601  605
601  606
601  607
601  608
601  609
601  617
601  625
601  633
601  761
601  921
602  603
602  604
602  605
602  606
602  607
602  608
602  610
602  618
602  626
602  634
602  762
602  922
603  604
603  605
603  606
603  607
603  608
603  611
603  619
603  627
603  635
603  763
603  923
604  605
604  606
604  607
604  608
604  612
604  620
604  628
604  636
604  764
604  924
605  606
605  607
605  608
605  613
605  621
605  629
605  637
605  765
605  925
606  607
606  608
606  614
606  622
606  630
606  638
606  766
606  926
607  608
607  615
607  623
607  631
607  639
607  767
607  927
608  616
608  624
608  632
608  640
608  768
608  928
609  610
609  611
609  612
609  613
609  614
609  615
609  616
609  617
609  625
609  633
609  769
609  929
610  611
610  612
610  613
610  614
610  615
610  616
610  618
610  626
610  634
610  770
610  930
611  612
611  613
611  614
611  615
611  616
611  619
611  627
611  635
611  771
611  931
612  613
612  614
612  615
612  616
612  620
612  628
612  636
612  772
612  932
613  614
613  615
613  616
613  621
613  629
613  637
613  773
613  933
614  615
614  616
614  622
614  630
614  638
614  774
614  934
615  616
615  623
615  631
615  639
615  775
615  935
616  624
616  632
616  640
616  776
616  936
617  618
617  619
617  620
617  621
617  622
617  623
617  624
617  625
617  633
617  777
617  937
618  619
618  620
618  621
618  622
618  623
618  624
618  626
618  634
618  778
618  938
619  620
619  621
619  622
619  623
619  624
619  627
619  635
619  779
619  939
620  621
620  622
620  623
620  624
620  628
620  636
620  780
620  940
621  622
621  623
621  624
621  629
621  637
621  781
621  941
622  623
622  624
622  630
622  638
622  782
622  942
623  624
623  631
623  639
623  783
623  943
624  632
624  640
624  784
624  944
625  626
625  627
625  628
625  629
625  630
625  631
625  632
625  633
625  785
625  945
626  627
626  628
626  629
626  630
626  631
626  632
626  634
626  786
626  946
627  628
627  629
627  630
627  631
627  632
627  635
627  787
627  947
628  629
628  630
628  631
628  632
628  636
628  788
628  948
629  630
629  631
629  632
629  637
629  789
629  949
630  631
630  632
630  638
630  790
630  950
631  632
631  639
631  791
631  951
632  640
632  792
632  952
633  634
633  635
633  636
633  637
633  638
633  639
633  640
633  793
633  953
634  635
634  636
634  637
634  638
634  639
634  640
634  794
634  954
635  636
635  637
635  638
635  639
635  640
635  795
635  955
636  637
636  638
636  639
636  640
636  796
636  956
637  638
637  639
637  640
637  797
637  957
638  639
638  640
638  798
638  958
639  640
639  799
639  959
640  800
640  960
641  642
641  643
641  644
641  645
641  646
641  647
641  648
641  649
641  657
641  665
641  673
641  681
641  721
641  761
641  801
642  643
642  644
642  645
642  646
642  647
642  648
642  650
642  658
642  666
642  674
642  682
642  722
642  762
642  802
643  644
643  645
643  646
643  647
643  648
643  651
643  659
643  667
643  675
643  683
643  723
643  763
643  803
644  645
644  646
644  647
644  648
644  652
644  660
644  668
644  676
644  684
644  724
644  764
644  804
645  646
645  647
645  648
645  653
645  661
645  669
645  677
645  685
645  725
645  765
645  805
646  647
646  648
646  654
646  662
646  670
646  678
646  686
646  726
646  766
646  806
647  648
647  655
647  663
647  671
647  679
647  687
647  727
647  767
647  807
648  656
648  664
648  672
648  680
648  688
648  728
648  768
648  808
649  650
649  651
649  652
649  653
649  654
649  655
649  656
649  657
649  665
649  673
649  689
649  729
649  769
649  809
650  651
650  652
650  653
650  654
650  655
650  656
650  658
650  666
650  674
650  690
650  730
650  770
650  810
651  652
651  653
651  654
651  655
651  656
651  659
651  667
651  675
651  691
651  731
651  771
651  811
652  653
652  654
652  655
652  656
652  660
652  668
652  676
652  692
652  732
652  772
652  812
653  654
653  655
653  656
653  661
653  669
653  677
653  693
653  733
653  773
653  813
654  655
654  656
654  662
654  670
654  678
654  694
654  734
654  774
654  814
655  656
655  663
655  671
655  679
655  695
655  735
655  775
655  815
656  664
656  672
656  680
656  696
656  736
656  776
656  816
657  658
657  659
657  660
657  661
657  662
657  663
657  664
657  665
657  673
657  697
657  737
657  777
657  817
658  659
658  660
658  661
658  662
658  663
658  664
658  666
658  674
658  698
658  738
658  778
658  818
659  660
659  661
659  662
659  663
659  664
659  667
659  675
659  699
659  739
659  779
659  819
660  661
660  662
660  663
660  664
660  668
660  676
660  700
660  740
660  780
660  820
661  662
661  663
661  664
661  669
661  677
661  701
661  741
661  781
661  821
662  663
662  664
662  670
662  678
662  702
662  742
662  782
662  822
663  664
663  671
663  679
663  703
663  743
663  783
663  823
664  672
664  680
664  704
664  744
664  784
664  824
665  666
665  667
665  668
665  669
665  670
665  671
665  672
665  673
665  705
665  745
665  785
665  825
666  667
666  668
666  669
666  670
666  671
666  672
666  674
666  706
666  746
666  786
666  826
667  668
667  669
667  670
667  671
667  672
667  675
667  707
667  747
667  787
667  827
668  669
668  670
668  671
668  672
668  676
668  708
668  748
668  788
668  828
669  670
669  671
669  672
669  677
669  709
669  749
669  789
669  829
670  671
670  672
670  678
670  710
670  750
670  790
670  830
671  672
671  679
671  711
671  751
671  791
671  831
672  680
672  712
672  752
672  792
672  832
673  674
673  675
673  676
673  677
673  678
673  679
673  680
673  713
673  753
673  793
673  833
674  675
674  676
674  677
674  678
674  679
674  680
674  714
674  754
674  794
674  834
675  676
675  677
675  678
675  679
675  680
675  715
675  755
675  795
675  835
676  677
676  678
676  679
676  680
676  716
676  756
676  796
676  836
677  678
677  679
677  680
677  717
677  757
677  797
677  837
678  679
678  680
678  718
678  758
678  798
678  838
679  680
679  719
679  759
679  799
679  839
680  720
680  760
680  800
680  840
681  682
681  683
681  684
681  685
681  686
681  687
681  688
681  689
681  697
681  705
681  713
681  721
681  761
681  841
682  683
682  684
682  685
682  686
682  687
682  688
682  690
682  698
682  706
682  714
682  722
682  762
682  842
683  684
683  685
683  686
683  687
683  688
683  691
683  699
683  707
683  715
683  723
683  763
683  843
684  685
684  686
684  687
684  688
684  692
684  700
684  708
684  716
684  724
684  764
684  844
685  686
685  687
685  688
685  693
685  701
685  709
685  717
685  725
685  765
685  845
686  687
686  688
686  694
686  702
686  710
686  718
686  726
686  766
686  846
687  688
687  695
687  703
687  711
687  719
687  727
687  767
687  847
688  696
688  704
688  712
688  720
688  728
688  768
688  848
689  690
689  691
689  692
689  693
689  694
689  695
689  696
689  697
689  705
689  713
689  729
689  769
689  849
690  691
690  692
690  693
690  694
690  695
690  696
690  698
690  706
690  714
690  730
690  770
690  850
691  692
691  693
691  694
691  695
691  696
691  699
691  707
691  715
691  731
691  771
691  851
692  693
692  694
692  695
692  696
692  700
692  708
692  716
692  732
692  772
692  852
693  694
693  695
693  696
693  701
693  709
693  717
693  733
693  773
693  853
694  695
694  696
694  702
694  710
694  718
694  734
694  774
694  854
695  696
695  703
695  711
695  719
695  735
695  775
695  855
696  704
696  712
696  720
696  736
696  776
696  856
697  698
697  699
697  700
697  701
697  702
697  703
697  704
697  705
697  713
697  737
697  777
697  857
698  699
698  700
698  701
698  702
698  703
698  704
698  706
698  714
698  738
698  778
698  858
699  700
699  701
699  702
699  703
699  704
699  707
699  715
699  739
699  779
699  859
700  701
700  702
700  703
700  704
700  708
700  716
700  740
700  780
700  860
701  702
701  703
701  704
701  709
701  717
701  741
701  781
701  861
702  703
702  704
702  710
702  718
702  742
702  782
702  862
703  704
703  711
703  719
703  743
703  783
703  863
704  712
704  720
704  744
704  784
704  864
705  706
705  707
705  708
705  709
705  710
705  711
705  712
705  713
705  745
705  785
705  865
706  707
706  708
706  709
706  710
706  711
706  712
706  714
706  746
706  786
706  866
707  708
707  709
707  710
707  711
707  712
707  715
707  747
707  787
707  867
708  709
708  710
708  711
708  712
708  716
708  748
708  788
708  868
709  710
709  711
709  712
709  717
709  749
709  789
709  869
710  711
710  712
710  718
710  750
710  790
710  870
711  712
711  719
711  751
711  791
711  871
712  720
712  752
712  792
712  872
713  714
713  715
713  716
713  717
713  718
713  719
713  720
713  753
713  793
713  873
714  715
714  716
714  717
714  718
714  719
714  720
714  754
714  794
714  874
715  716
715  717
715  718
715  719
715  720
715  755
715  795
715  875
716  717
716  718
716  719
716  720
716  756
716  796
716  876
717  718
717  719
717  720
717  757
717  797
717  877
718  719
718  720
718  758
718  798
718  878
719  720
719  759
719  799
719  879
720  760
720  800
720  880
721  722
721  723
721  724
721  725
721  726
721  727
721  728
721  729
721  737
721  745
721  753
721  761
721  881
722  723
722  724
722  725
722  726
722  727
722  728
722  730
722  738
722  746
722  754
722  762
722  882
723  724
723  725
723  726
723  727
723  728
723  731
723  739
723  747
723  755
723  763
723  883
724  725
724  726
724  727
724  728
724  732
724  740
724  748
724  756
724  764
724  884
725  726
725  727
725  728
725  733
725  741
725  749
725  757
725  765
725  885
726  727
726  728
726  734
726  742
726  750
726  758
726  766
726  886
727  728
727  735
727  743
727  751
727  759
727  767
727  887
728  736
728  744
728  752
728  760
728  768
728  888
729  730
729  731
729  732
729  733
729  734
729  735
729  736
729  737
729  745
729  753
729  769
729  889
730  731
730  732
730  733
730  734
730  735
730  736
730  738
730  746
730  754
730  770
730  890
731  732
731  733
731  734
731  735
731  736
731  739
731  747
731  755
731  771
731  891
732  733
732  734
732  735
732  736
732  740
732  748
732  756
732  772
732  892
733  734
733  735
733  736
733  741
733  749
733  757
733  773
733  893
734  735
734  736
734  742
734  750
734  758
734  774
734  894
735  736
735  743
735  751
735  759
735  775
735  895
736  744
736  752
736  760
736  776
736  896
737  738
737  739
737  740
737  741
737  742
737  743
737  744
737  745
737  753
737  777
737  897
738  739
738  740
738  741
738  742
738  743
738  744
738  746
738  754
738  778
738  898
739  740
739  741
739  742
739  743
739  744
739  747
739  755
739  779
739  899
740  741
740  742
740  743
740  744
740  748
740  756
740  780
740  900
741  742
741  743
741  744
741  749
741  757
741  781
741  901
742  743
742  744
742  750
742  758
742  782
742  902
743  744
743  751
743  759
743  783
743  903
744  752
744  760
744  784
744  904
745  746
745  747
745  748
745  749
745  750
745  751
745  752
745  753
745  785
745  905
746  747
746  748
746  749
746  750
746  751
746  752
746  754
746  786
746  906
747  748
747  749
747  750
747  751
747  752
747  755
747  787
747  907
748  749
748  750
748  751
748  752
748  756
748  788
748  908
749  750
749  751
749  752
749  757
749  789
749  909
750  751
750  752
750  758
750  790
750  910
751  752
751  759
751  791
751  911
752  760
752  792
752  912
753  754
753  755
753  756
753  757
753  758
753  759
753  760
753  793
753  913
754  755
754  756
754  757
754  758
754  759
754  760
754  794
754  914
755  756
755  757
755  758
755  759
755  760
755  795
755  915
756  757
756  758
756  759
756  760
756  796
756  916
757  758
757  759
757  760
757  797
757  917
758  759
758  760
758  798
758  918
759  760
759  799
759  919
760  800
760  920
761  762
761  763
761  764
761  765
761  766
761  767
761  768
761  769
761  777
761  785
761  793
761  921
762  763
762  764
762  765
762  766
762  767
762  768
762  770
762  778
762  786
762  794
762  922
763  764
763  765
763  766
763  767
763  768
763  771
763  779
763  787
763  795
763  923
764  765
764  766
764  767
764  768
764  772
764  780
764  788
764  796
764  924
765  766
765  767
765  768
765  773
765  781
765  789
765  797
765  925
766  767
766  768
766  774
766  782
766  790
766  798
766  926
767  768
767  775
767  783
767  791
767  799
767  927
768  776
768  784
768  792
768  800
768  928
769  770
769  771
769  772
769  773
769  774
769  775
769  776
769  777
769  785
769  793
769  929
770  771
770  772
770  773
770  774
770  775
770  776
770  778
770  786
770  794
770  930
771  772
771  773
771  774
771  775
771  776
771  779
771  787
771  795
771  931
772  773
772  774
772  775
772  776
772  780
772  788
772  796
772  932
773  774
773  775
773  776
773  781
773  789
773  797
773  933
774  775
774  776
774  782
774  790
774  798
774  934
775  776
775  783
775  791
775  799
775  935
776  784
776  792
776  800
776  936
777  778
777  779
777  780
777  781
777  782
777  783
777  784
777  785
777  793
777  937
778  779
778  780
778  781
778  782
778  783
778  784
778  786
778  794
778  938
779  780
779  781
779  782
779  783
779  784
779  787
779  795
779  939
780  781
780  782
780  783
780  784
780  788
780  796
780  940
781  782
781  783
781  784
781  789
781  797
781  941
782  783
782  784
782  790
782  798
782  942
783  784
783  791
783  799
783  943
784  792
784  800
784  944
785  786
785  787
785  788
785  789
785  790
785  791
785  792
785  793
785  945
786  787
786  788
786  789
786  790
786  791
786  792
786  794
786  946
787  788
787  789
787  790
787  791
787  792
787  795
787  947
788  789
788  790
788  791
788  792
788  796
788  948
789  790
789  791
789  792
789  797
789  949
790  791
790  792
790  798
790  950
791  792
791  799
791  951
792  800
792  952
793  794
793  795
793  796
793  797
793  798
793  799
793  800
793  953
794  795
794  796
794  797
794  798
794  799
794  800
794  954
795  796
795  797
795  798
795  799
795  800
795  955
796  797
796  798
796  799
796  800
796  956
797  798
797  799
797  800
797  957
798  799
798  800
798  958
799  800
799  959
800  960
801  802
801  803
801  804
801  805
801  806
801  807
801  808
801  809
801  817
801  825
801  833
801  841
801  881
801  921
802  803
802  804
802  805
802  806
802  807
802  808
802  810
802  818
802  826
802  834
802  842
802  882
802  922
803  804
803  805
803  806
803  807
803  808
803  811
803  819
803  827
803  835
803  843
803  883
803  923
804  805
804  806
804  807
804  808
804  812
804  820
804  828
804  836
804  844
804  884
804  924
805  806
805  807
805  808
805  813
805  821
805  829
805  837
805  845
805  885
805  925
806  807
806  808
806  814
806  822
806  830
806  838
806  846
806  886
806  926
807  808
807  815
807  823
807  831
807  839
807  847
807  887
807  927
808  816
808  824
808  832
808  840
808  848
808  888
808  928
809  810
809  811
809  812
809  813
809  814
809  815
809  816
809  817
809  825
809  833
809  849
809  889
809  929
810  811
810  812
810  813
810  814
810  815
810  816
810  818
810  826
810  834
810  850
810  890
810  930
811  812
811  813
811  814
811  815
811  816
811  819
811  827
811  835
811  851
811  891
811  931
812  813
812  814
812  815
812  816
812  820
812  828
812  836
812  852
812  892
812  932
813  814
813  815
813  816
813  821
813  829
813  837
813  853
813  893
813  933
814  815
814  816
814  822
814  830
814  838
814  854
814  894
814  934
815  816
815  823
815  831
815  839
815  855
815  895
815  935
816  824
816  832
816  840
816  856
816  896
816  936
817  818
817  819
817  820
817  821
817  822
817  823
817  824
817  825
817  833
817  857
817  897
817  937
818  819
818  820
818  821
818  822
818  823
818  824
818  826
818  834
818  858
818  898
818  938
819  820
819  821
819  822
819  823
819  824
819  827
819  835
819  859
819  899
819  939
820  821
820  822
820  823
820  824
820  828
820  836
820  860
820  900
820  940
821  822
821  823
821  824
821  829
821  837
821  861
821  901
821  941
822  823
822  824
822  830
822  838
822  862
822  902
822  942
823  824
823  831
823  839
823  863
823  903
823  943
824  832
824  840
824  864
824  904
824  944
825  826
825  827
825  828
825  829
825  830
825  831
825  832
825  833
825  865
825  905
825  945
826  827
826  828
826  829
826  830
826  831
826  832
826  834
826  866
826  906
826  946
827  828
827  829
827  830
827  831
827  832
827  835
827  867
827  907
827  947
828  829
828  830
828  831
828  832
828  836
828  868
828  908
828  948
829  830
829  831
829  832
829  837
829  869
829  909
829  949
830  831
830  832
830  838
830  870
830  910
830  950
831  832
831  839
831  871
831  911
831  951
832  840
832  872
832  912
832  952
833  834
833  835
833  836
833  837
833  838
833  839
833  840
833  873
833  913
833  953
834  835
834  836
834  837
834  838
834  839
834  840
834  874
834  914
834  954
835  836
835  837
835  838
835  839
835  840
835  875
835  915
835  955
836  837
836  838
836  839
836  840
836  876
836  916
836  956
837  838
837  839
837  840
837  877
837  917
837  957
838  839
838  840
838  878
838  918
838  958
839  840
839  879
839  919
839  959
840  880
840  920
840  960
841  842
841  843
841  844
841  845
841  846
841  847
841  848
841  849
841  857
841  865
841  873
841  881
841  921
842  843
842  844
842  845
842  846
842  847
842  848
842  850
842  858
842  866
842  874
842  882
842  922
843  844
843  845
843  846
843  847
843  848
843  851
843  859
843  867
843  875
843  883
843  923
844  845
844  846
844  847
844  848
844  852
844  860
844  868
844  876
844  884
844  924
845  846
845  847
845  848
845  853
845  861
845  869
845  877
845  885
845  925
846  847
846  848
846  854
846  862
846  870
846  878
846  886
846  926
847  848
847  855
847  863
847  871
847  879
847  887
847  927
848  856
848  864
848  872
848  880
848  888
848  928
849  850
849  851
849  852
849  853
849  854
849  855
849  856
849  857
849  865
849  873
849  889
849  929
850  851
850  852
850  853
850  854
850  855
850  856
850  858
850  866
850  874
850  890
850  930
851  852
851  853
851  854
851  855
851  856
851  859
851  867
851  875
851  891
851  931
852  853
852  854
852  855
852  856
852  860
852  868
852  876
852  892
852  932
853  854
853  855
853  856
853  861
853  869
853  877
853  893
853  933
854  855
854  856
854  862
854  870
854  878
854  894
854  934
855  856
855  863
855  871
855  879
855  895
855  935
856  864
856  872
856  880
856  896
856  936
857  858
857  859
857  860
857  861
857  862
857  863
857  864
857  865
857  873
857  897
857  937
858  859
858  860
858  861
858  862
858  863
858  864
858  866
858  874
858  898
858  938
859  860
859  861
859  862
859  863
859  864
859  867
859  875
859  899
859  939
860  861
860  862
860  863
860  864
860  868
860  876
860  900
860  940
861  862
861  863
861  864
861  869
861  877
861  901
861  941
862  863
862  864
862  870
862  878
862  902
862  942
863  864
863  871
863  879
863  903
863  943
864  872
864  880
864  904
864  944
865  866
865  867
865  868
865  869
865  870
865  871
865  872
865  873
865  905
865  945
866  867
866  868
866  869
866  870
866  871
866  872
866  874
866  906
866  946
867  868
867  869
867  870
867  871
867  872
867  875
867  907
867  947
868  869
868  870
868  871
868  872
868  876
868  908
868  948
869  870
869  871
869  872
869  877
869  909
869  949
870  871
870  872
870  878
870  910
870  950
871  872
871  879
871  911
871  951
872  880
872  912
872  952
873  874
873  875
873  876
873  877
873  878
873  879
873  880
873  913
873  953
874  875
874  876
874  877
874  878
874  879
874  880
874  914
874  954
875  876
875  877
875  878
875  879
875  880
875  915
875  955
876  877
876  878
876  879
876  880
876  916
876  956
877  878
877  879
877  880
877  917
877  957
878  879
878  880
878  918
878  958
879  880
879  919
879  959
880  920
880  960
881  882
881  883
881  884
881  885
881  886
881  887
881  888
881  889
881  897
881  905
881  913
881  921
882  883
882  884
882  885
882  886
882  887
882  888
882  890
882  898
882  906
882  914
882  922
883  884
883  885
883  886
883  887
883  888
883  891
883  899
883  907
883  915
883  923
884  885
884  886
884  887
884  888
884  892
884  900
884  908
884  916
884  924
885  886
885  887
885  888
885  893
885  901
885  909
885  917
885  925
886  887
886  888
886  894
886  902
886  910
886  918
886  926
887  888
887  895
887  903
887  911
887  919
887  927
888  896
888  904
888  912
888  920
888  928
889  890
889  891
889  892
889  893
889  894
889  895
889  896
889  897
889  905
889  913
889  929
890  891
890  892
890  893
890  894
890  895
890  896
890  898
890  906
890  914
890  930
891  892
891  893
891  894
891  895
891  896
891  899
891  907
891  915
891  931
892  893
892  894
892  895
892  896
892  900
892  908
892  916
892  932
893  894
893  895
893  896
893  901
893  909
893  917
893  933
894  895
894  896
894  902
894  910
894  918
894  934
895  896
895  903
895  911
895  919
895  935
896  904
896  912
896  920
896  936
897  898
897  899
897  900
897  901
897  902
897  903
897  904
897  905
897  913
897  937
898  899
898  900
898  901
898  902
898  903
898  904
898  906
898  914
898  938
899  900
899  901
899  902
899  903
899  904
899  907
899  915
899  939
900  901
900  902
900  903
900  904
900  908
900  916
900  940
901  902
901  903
901  904
901  909
901  917
901  941
902  903
902  904
902  910
902  918
902  942
903  904
903  911
903  919
903  943
904  912
904  920
904  944
905  906
905  907
905  908
905  909
905  910
905  911
905  912
905  913
905  945
906  907
906  908
906  909
906  910
906  911
906  912
906  914
906  946
907  908
907  909
907  910
907  911
907  912
907  915
907  947
908  909
908  910
908  911
908  912
908  916
908  948
909  910
909  911
909  912
909  917
909  949
910  911
910  912
910  918
910  950
911  912
911  919
911  951
912  920
912  952
913  914
913  915
913  916
913  917
913  918
913  919
913  920
913  953
914  915
914  916
914  917
914  918
914  919
914  920
914  954
915  916
915  917
915  918
915  919
915  920
915  955
916  917
916  918
916  919
916  920
916  956
917  918
917  919
917  920
917  957
918  919
918  920
918  958
919  920
919  959
920  960
921  922
921  923
921  924
921  925
921  926
921  927
921  928
921  929
921  937
921  945
921  953
922  923
922  924
922  925
922  926
922  927
922  928
922  930
922  938
922  946
922  954
923  924
923  925
923  926
923  927
923  928
923  931
923  939
923  947
923  955
924  925
924  926
924  927
924  928
924  932
924  940
924  948
924  956
925  926
925  927
925  928
925  933
925  941
925  949
925  957
926  927
926  928
926  934
926  942
926  950
926  958
927  928
927  935
927  943
927  951
927  959
928  936
928  944
928  952
928  960
929  930
929  931
929  932
929  933
929  934
929  935
929  936
929  937
929  945
929  953
930  931
930  932
930  933
930  934
930  935
930  936
930  938
930  946
930  954
931  932
931  933
931  934
931  935
931  936
931  939
931  947
931  955
932  933
932  934
932  935
932  936
932  940
932  948
932  956
933  934
933  935
933  936
933  941
933  949
933  957
934  935
934  936
934  942
934  950
934  958
935  936
935  943
935  951
935  959
936  944
936  952
936  960
937  938
937  939
937  940
937  941
937  942
937  943
937  944
937  945
937  953
938  939
938  940
938  941
938  942
938  943
938  944
938  946
938  954
939  940
939  941
939  942
939  943
939  944
939  947
939  955
940  941
940  942
940  943
940  944
940  948
940  956
941  942
941  943
941  944
941  949
941  957
942  943
942  944
942  950
942  958
943  944
943  951
943  959
944  952
944  960
945  946
945  947
945  948
945  949
945  950
945  951
945  952
945  953
946  947
946  948
946  949
946  950
946  951
946  952
946  954
947  948
947  949
947  950
947  951
947  952
947  955
948  949
948  950
948  951
948  952
948  956
949  950
949  951
949  952
949  957
950  951
950  952
950  958
951  952
951  959
952  960
953  954
953  955
953  956
953  957
953  958
953  959
953  960
954  955
954  956
954  957
954  958
954  959
954  960
955  956
955  957
955  958
955  959
955  960
956  957
956  958
956  959
956  960
957  958
957  959
957  960
958  959
958  960
959  960
