Problem name: hamming2x3x4x5x7.txt 	 Optimal solution = 120
840 840 6720
1  2
1  3
1  4
1  5
1  6
1  7
1  8
1  15
1  22
1  29
1  36
1  71
1  106
1  141
1  281
1  421
2  3
2  4
2  5
2  6
2  7
2  9
2  16
2  23
2  30
2  37
2  72
2  107
2  142
2  282
2  422
3  4
3  5
3  6
3  7
3  10
3  17
3  24
3  31
3  38
3  73
3  108
3  143
3  283
3  423
4  5
4  6
4  7
4  11
4  18
4  25
4  32
4  39
4  74
4  109
4  144
4  284
4  424
5  6
5  7
5  12
5  19
5  26
5  33
5  40
5  75
5  110
5  145
5  285
5  425
6  7
6  13
6  20
6  27
6  34
6  41
6  76
6  111
6  146
6  286
6  426
7  14
7  21
7  28
7  35
7  42
7  77
7  112
7  147
7  287
7  427
8  9
8  10
8  11
8  12
8  13
8  14
8  15
8  22
8  29
8  43
8  78
8  113
8  148
8  288
8  428
9  10
9  11
9  12
9  13
9  14
9  16
9  23
9  30
9  44
9  79
9  114
9  149
9  289
9  429
10  11
10  12
10  13
10  14
10  17
10  24
10  31
10  45
10  80
10  115
10  150
10  290
10  430
11  12
11  13
11  14
11  18
11  25
11  32
11  46
11  81
11  116
11  151
11  291
11  431
12  13
12  14
12  19
12  26
12  33
12  47
12  82
12  117
12  152
12  292
12  432
13  14
13  20
13  27
13  34
13  48
13  83
13  118
13  153
13  293
13  433
14  21
14  28
14  35
14  49
14  84
14  119
14  154
14  294
14  434
15  16
15  17
15  18
15  19
15  20
15  21
15  22
15  29
15  50
15  85
15  120
15  155
15  295
15  435
16  17
16  18
16  19
16  20
16  21
16  23
16  30
16  51
16  86
16  121
16  156
16  296
16  436
17  18
17  19
17  20
17  21
17  24
17  31
17  52
17  87
17  122
17  157
17  297
17  437
18  19
18  20
18  21
18  25
18  32
18  53
18  88
18  123
18  158
18  298
18  438
19  20
19  21
19  26
19  33
19  54
19  89
19  124
19  159
19  299
19  439
20  21
20  27
20  34
20  55
20  90
20  125
20  160
20  300
20  440
21  28
21  35
21  56
21  91
21  126
21  161
21  301
21  441
22  23
22  24
22  25
22  26
22  27
22  28
22  29
22  57
22  92
22  127
22  162
22  302
22  442
23  24
23  25
23  26
23  27
23  28
23  30
23  58
23  93
23  128
23  163
23  303
23  443
24  25
24  26
24  27
24  28
24  31
24  59
24  94
24  129
24  164
24  304
24  444
25  26
25  27
25  28
25  32
25  60
25  95
25  130
25  165
25  305
25  445
26  27
26  28
26  33
26  61
26  96
26  131
26  166
26  306
26  446
27  28
27  34
27  62
27  97
27  132
27  167
27  307
27  447
28  35
28  63
28  98
28  133
28  168
28  308
28  448
29  30
29  31
29  32
29  33
29  34
29  35
29  64
29  99
29  134
29  169
29  309
29  449
30  31
30  32
30  33
30  34
30  35
30  65
30  100
30  135
30  170
30  310
30  450
31  32
31  33
31  34
31  35
31  66
31  101
31  136
31  171
31  311
31  451
32  33
32  34
32  35
32  67
32  102
32  137
32  172
32  312
32  452
33  34
33  35
33  68
33  103
33  138
33  173
33  313
33  453
34  35
34  69
34  104
34  139
34  174
34  314
34  454
35  70
35  105
35  140
35  175
35  315
35  455
36  37
36  38
36  39
36  40
36  41
36  42
36  43
36  50
36  57
36  64
36  71
36  106
36  176
36  316
36  456
37  38
37  39
37  40
37  41
37  42
37  44
37  51
37  58
37  65
37  72
37  107
37  177
37  317
37  457
38  39
38  40
38  41
38  42
38  45
38  52
38  59
38  66
38  73
38  108
38  178
38  318
38  458
39  40
39  41
39  42
39  46
39  53
39  60
39  67
39  74
39  109
39  179
39  319
39  459
40  41
40  42
40  47
40  54
40  61
40  68
40  75
40  110
40  180
40  320
40  460
41  42
41  48
41  55
41  62
41  69
41  76
41  111
41  181
41  321
41  461
42  49
42  56
42  63
42  70
42  77
42  112
42  182
42  322
42  462
43  44
43  45
43  46
43  47
43  48
43  49
43  50
43  57
43  64
43  78
43  113
43  183
43  323
43  463
44  45
44  46
44  47
44  48
44  49
44  51
44  58
44  65
44  79
44  114
44  184
44  324
44  464
45  46
45  47
45  48
45  49
45  52
45  59
45  66
45  80
45  115
45  185
45  325
45  465
46  47
46  48
46  49
46  53
46  60
46  67
46  81
46  116
46  186
46  326
46  466
47  48
47  49
47  54
47  61
47  68
47  82
47  117
47  187
47  327
47  467
48  49
48  55
48  62
48  69
48  83
48  118
48  188
48  328
48  468
49  56
49  63
49  70
49  84
49  119
49  189
49  329
49  469
50  51
50  52
50  53
50  54
50  55
50  56
50  57
50  64
50  85
50  120
50  190
50  330
50  470
51  52
51  53
51  54
51  55
51  56
51  58
51  65
51  86
51  121
51  191
51  331
51  471
52  53
52  54
52  55
52  56
52  59
52  66
52  87
52  122
52  192
52  332
52  472
53  54
53  55
53  56
53  60
53  67
53  88
53  123
53  193
53  333
53  473
54  55
54  56
54  61
54  68
54  89
54  124
54  194
54  334
54  474
55  56
55  62
55  69
55  90
55  125
55  195
55  335
55  475
56  63
56  70
56  91
56  126
56  196
56  336
56  476
57  58
57  59
57  60
57  61
57  62
57  63
57  64
57  92
57  127
57  197
57  337
57  477
58  59
58  60
58  61
58  62
58  63
58  65
58  93
58  128
58  198
58  338
58  478
59  60
59  61
59  62
59  63
59  66
59  94
59  129
59  199
59  339
59  479
60  61
60  62
60  63
60  67
60  95
60  130
60  200
60  340
60  480
61  62
61  63
61  68
61  96
61  131
61  201
61  341
61  481
62  63
62  69
62  97
62  132
62  202
62  342
62  482
63  70
63  98
63  133
63  203
63  343
63  483
64  65
64  66
64  67
64  68
64  69
64  70
64  99
64  134
64  204
64  344
64  484
65  66
65  67
65  68
65  69
65  70
65  100
65  135
65  205
65  345
65  485
66  67
66  68
66  69
66  70
66  101
66  136
66  206
66  346
66  486
67  68
67  69
67  70
67  102
67  137
67  207
67  347
67  487
68  69
68  70
68  103
68  138
68  208
68  348
68  488
69  70
69  104
69  139
69  209
69  349
69  489
70  105
70  140
70  210
70  350
70  490
71  72
71  73
71  74
71  75
71  76
71  77
71  78
71  85
71  92
71  99
71  106
71  211
71  351
71  491
72  73
72  74
72  75
72  76
72  77
72  79
72  86
72  93
72  100
72  107
72  212
72  352
72  492
73  74
73  75
73  76
73  77
73  80
73  87
73  94
73  101
73  108
73  213
73  353
73  493
74  75
74  76
74  77
74  81
74  88
74  95
74  102
74  109
74  214
74  354
74  494
75  76
75  77
75  82
75  89
75  96
75  103
75  110
75  215
75  355
75  495
76  77
76  83
76  90
76  97
76  104
76  111
76  216
76  356
76  496
77  84
77  91
77  98
77  105
77  112
77  217
77  357
77  497
78  79
78  80
78  81
78  82
78  83
78  84
78  85
78  92
78  99
78  113
78  218
78  358
78  498
79  80
79  81
79  82
79  83
79  84
79  86
79  93
79  100
79  114
79  219
79  359
79  499
80  81
80  82
80  83
80  84
80  87
80  94
80  101
80  115
80  220
80  360
80  500
81  82
81  83
81  84
81  88
81  95
81  102
81  116
81  221
81  361
81  501
82  83
82  84
82  89
82  96
82  103
82  117
82  222
82  362
82  502
83  84
83  90
83  97
83  104
83  118
83  223
83  363
83  503
84  91
84  98
84  105
84  119
84  224
84  364
84  504
85  86
85  87
85  88
85  89
85  90
85  91
85  92
85  99
85  120
85  225
85  365
85  505
86  87
86  88
86  89
86  90
86  91
86  93
86  100
86  121
86  226
86  366
86  506
87  88
87  89
87  90
87  91
87  94
87  101
87  122
87  227
87  367
87  507
88  89
88  90
88  91
88  95
88  102
88  123
88  228
88  368
88  508
89  90
89  91
89  96
89  103
89  124
89  229
89  369
89  509
90  91
90  97
90  104
90  125
90  230
90  370
90  510
91  98
91  105
91  126
91  231
91  371
91  511
92  93
92  94
92  95
92  96
92  97
92  98
92  99
92  127
92  232
92  372
92  512
93  94
93  95
93  96
93  97
93  98
93  100
93  128
93  233
93  373
93  513
94  95
94  96
94  97
94  98
94  101
94  129
94  234
94  374
94  514
95  96
95  97
95  98
95  102
95  130
95  235
95  375
95  515
96  97
96  98
96  103
96  131
96  236
96  376
96  516
97  98
97  104
97  132
97  237
97  377
97  517
98  105
98  133
98  238
98  378
98  518
99  100
99  101
99  102
99  103
99  104
99  105
99  134
99  239
99  379
99  519
100  101
100  102
100  103
100  104
100  105
100  135
100  240
100  380
100  520
101  102
101  103
101  104
101  105
101  136
101  241
101  381
101  521
102  103
102  104
102  105
102  137
102  242
102  382
102  522
103  104
103  105
103  138
103  243
103  383
103  523
104  105
104  139
104  244
104  384
104  524
105  140
105  245
105  385
105  525
106  107
106  108
106  109
106  110
106  111
106  112
106  113
106  120
106  127
106  134
106  246
106  386
106  526
107  108
107  109
107  110
107  111
107  112
107  114
107  121
107  128
107  135
107  247
107  387
107  527
108  109
108  110
108  111
108  112
108  115
108  122
108  129
108  136
108  248
108  388
108  528
109  110
109  111
109  112
109  116
109  123
109  130
109  137
109  249
109  389
109  529
110  111
110  112
110  117
110  124
110  131
110  138
110  250
110  390
110  530
111  112
111  118
111  125
111  132
111  139
111  251
111  391
111  531
112  119
112  126
112  133
112  140
112  252
112  392
112  532
113  114
113  115
113  116
113  117
113  118
113  119
113  120
113  127
113  134
113  253
113  393
113  533
114  115
114  116
114  117
114  118
114  119
114  121
114  128
114  135
114  254
114  394
114  534
115  116
115  117
115  118
115  119
115  122
115  129
115  136
115  255
115  395
115  535
116  117
116  118
116  119
116  123
116  130
116  137
116  256
116  396
116  536
117  118
117  119
117  124
117  131
117  138
117  257
117  397
117  537
118  119
118  125
118  132
118  139
118  258
118  398
118  538
119  126
119  133
119  140
119  259
119  399
119  539
120  121
120  122
120  123
120  124
120  125
120  126
120  127
120  134
120  260
120  400
120  540
121  122
121  123
121  124
121  125
121  126
121  128
121  135
121  261
121  401
121  541
122  123
122  124
122  125
122  126
122  129
122  136
122  262
122  402
122  542
123  124
123  125
123  126
123  130
123  137
123  263
123  403
123  543
124  125
124  126
124  131
124  138
124  264
124  404
124  544
125  126
125  132
125  139
125  265
125  405
125  545
126  133
126  140
126  266
126  406
126  546
127  128
127  129
127  130
127  131
127  132
127  133
127  134
127  267
127  407
127  547
128  129
128  130
128  131
128  132
128  133
128  135
128  268
128  408
128  548
129  130
129  131
129  132
129  133
129  136
129  269
129  409
129  549
130  131
130  132
130  133
130  137
130  270
130  410
130  550
131  132
131  133
131  138
131  271
131  411
131  551
132  133
132  139
132  272
132  412
132  552
133  140
133  273
133  413
133  553
134  135
134  136
134  137
134  138
134  139
134  140
134  274
134  414
134  554
135  136
135  137
135  138
135  139
135  140
135  275
135  415
135  555
136  137
136  138
136  139
136  140
136  276
136  416
136  556
137  138
137  139
137  140
137  277
137  417
137  557
138  139
138  140
138  278
138  418
138  558
139  140
139  279
139  419
139  559
140  280
140  420
140  560
141  142
141  143
141  144
141  145
141  146
141  147
141  148
141  155
141  162
141  169
141  176
141  211
141  246
141  281
141  561
142  143
142  144
142  145
142  146
142  147
142  149
142  156
142  163
142  170
142  177
142  212
142  247
142  282
142  562
143  144
143  145
143  146
143  147
143  150
143  157
143  164
143  171
143  178
143  213
143  248
143  283
143  563
144  145
144  146
144  147
144  151
144  158
144  165
144  172
144  179
144  214
144  249
144  284
144  564
145  146
145  147
145  152
145  159
145  166
145  173
145  180
145  215
145  250
145  285
145  565
146  147
146  153
146  160
146  167
146  174
146  181
146  216
146  251
146  286
146  566
147  154
147  161
147  168
147  175
147  182
147  217
147  252
147  287
147  567
148  149
148  150
148  151
148  152
148  153
148  154
148  155
148  162
148  169
148  183
148  218
148  253
148  288
148  568
149  150
149  151
149  152
149  153
149  154
149  156
149  163
149  170
149  184
149  219
149  254
149  289
149  569
150  151
150  152
150  153
150  154
150  157
150  164
150  171
150  185
150  220
150  255
150  290
150  570
151  152
151  153
151  154
151  158
151  165
151  172
151  186
151  221
151  256
151  291
151  571
152  153
152  154
152  159
152  166
152  173
152  187
152  222
152  257
152  292
152  572
153  154
153  160
153  167
153  174
153  188
153  223
153  258
153  293
153  573
154  161
154  168
154  175
154  189
154  224
154  259
154  294
154  574
155  156
155  157
155  158
155  159
155  160
155  161
155  162
155  169
155  190
155  225
155  260
155  295
155  575
156  157
156  158
156  159
156  160
156  161
156  163
156  170
156  191
156  226
156  261
156  296
156  576
157  158
157  159
157  160
157  161
157  164
157  171
157  192
157  227
157  262
157  297
157  577
158  159
158  160
158  161
158  165
158  172
158  193
158  228
158  263
158  298
158  578
159  160
159  161
159  166
159  173
159  194
159  229
159  264
159  299
159  579
160  161
160  167
160  174
160  195
160  230
160  265
160  300
160  580
161  168
161  175
161  196
161  231
161  266
161  301
161  581
162  163
162  164
162  165
162  166
162  167
162  168
162  169
162  197
162  232
162  267
162  302
162  582
163  164
163  165
163  166
163  167
163  168
163  170
163  198
163  233
163  268
163  303
163  583
164  165
164  166
164  167
164  168
164  171
164  199
164  234
164  269
164  304
164  584
165  166
165  167
165  168
165  172
165  200
165  235
165  270
165  305
165  585
166  167
166  168
166  173
166  201
166  236
166  271
166  306
166  586
167  168
167  174
167  202
167  237
167  272
167  307
167  587
168  175
168  203
168  238
168  273
168  308
168  588
169  170
169  171
169  172
169  173
169  174
169  175
169  204
169  239
169  274
169  309
169  589
170  171
170  172
170  173
170  174
170  175
170  205
170  240
170  275
170  310
170  590
171  172
171  173
171  174
171  175
171  206
171  241
171  276
171  311
171  591
172  173
172  174
172  175
172  207
172  242
172  277
172  312
172  592
173  174
173  175
173  208
173  243
173  278
173  313
173  593
174  175
174  209
174  244
174  279
174  314
174  594
175  210
175  245
175  280
175  315
175  595
176  177
176  178
176  179
176  180
176  181
176  182
176  183
176  190
176  197
176  204
176  211
176  246
176  316
176  596
177  178
177  179
177  180
177  181
177  182
177  184
177  191
177  198
177  205
177  212
177  247
177  317
177  597
178  179
178  180
178  181
178  182
178  185
178  192
178  199
178  206
178  213
178  248
178  318
178  598
179  180
179  181
179  182
179  186
179  193
179  200
179  207
179  214
179  249
179  319
179  599
180  181
180  182
180  187
180  194
180  201
180  208
180  215
180  250
180  320
180  600
181  182
181  188
181  195
181  202
181  209
181  216
181  251
181  321
181  601
182  189
182  196
182  203
182  210
182  217
182  252
182  322
182  602
183  184
183  185
183  186
183  187
183  188
183  189
183  190
183  197
183  204
183  218
183  253
183  323
183  603
184  185
184  186
184  187
184  188
184  189
184  191
184  198
184  205
184  219
184  254
184  324
184  604
185  186
185  187
185  188
185  189
185  192
185  199
185  206
185  220
185  255
185  325
185  605
186  187
186  188
186  189
186  193
186  200
186  207
186  221
186  256
186  326
186  606
187  188
187  189
187  194
187  201
187  208
187  222
187  257
187  327
187  607
188  189
188  195
188  202
188  209
188  223
188  258
188  328
188  608
189  196
189  203
189  210
189  224
189  259
189  329
189  609
190  191
190  192
190  193
190  194
190  195
190  196
190  197
190  204
190  225
190  260
190  330
190  610
191  192
191  193
191  194
191  195
191  196
191  198
191  205
191  226
191  261
191  331
191  611
192  193
192  194
192  195
192  196
192  199
192  206
192  227
192  262
192  332
192  612
193  194
193  195
193  196
193  200
193  207
193  228
193  263
193  333
193  613
194  195
194  196
194  201
194  208
194  229
194  264
194  334
194  614
195  196
195  202
195  209
195  230
195  265
195  335
195  615
196  203
196  210
196  231
196  266
196  336
196  616
197  198
197  199
197  200
197  201
197  202
197  203
197  204
197  232
197  267
197  337
197  617
198  199
198  200
198  201
198  202
198  203
198  205
198  233
198  268
198  338
198  618
199  200
199  201
199  202
199  203
199  206
199  234
199  269
199  339
199  619
200  201
200  202
200  203
200  207
200  235
200  270
200  340
200  620
201  202
201  203
201  208
201  236
201  271
201  341
201  621
202  203
202  209
202  237
202  272
202  342
202  622
203  210
203  238
203  273
203  343
203  623
204  205
204  206
204  207
204  208
204  209
204  210
204  239
204  274
204  344
204  624
205  206
205  207
205  208
205  209
205  210
205  240
205  275
205  345
205  625
206  207
206  208
206  209
206  210
206  241
206  276
206  346
206  626
207  208
207  209
207  210
207  242
207  277
207  347
207  627
208  209
208  210
208  243
208  278
208  348
208  628
209  210
209  244
209  279
209  349
209  629
210  245
210  280
210  350
210  630
211  212
211  213
211  214
211  215
211  216
211  217
211  218
211  225
211  232
211  239
211  246
211  351
211  631
212  213
212  214
212  215
212  216
212  217
212  219
212  226
212  233
212  240
212  247
212  352
212  632
213  214
213  215
213  216
213  217
213  220
213  227
213  234
213  241
213  248
213  353
213  633
214  215
214  216
214  217
214  221
214  228
214  235
214  242
214  249
214  354
214  634
215  216
215  217
215  222
215  229
215  236
215  243
215  250
215  355
215  635
216  217
216  223
216  230
216  237
216  244
216  251
216  356
216  636
217  224
217  231
217  238
217  245
217  252
217  357
217  637
218  219
218  220
218  221
218  222
218  223
218  224
218  225
218  232
218  239
218  253
218  358
218  638
219  220
219  221
219  222
219  223
219  224
219  226
219  233
219  240
219  254
219  359
219  639
220  221
220  222
220  223
220  224
220  227
220  234
220  241
220  255
220  360
220  640
221  222
221  223
221  224
221  228
221  235
221  242
221  256
221  361
221  641
222  223
222  224
222  229
222  236
222  243
222  257
222  362
222  642
223  224
223  230
223  237
223  244
223  258
223  363
223  643
224  231
224  238
224  245
224  259
224  364
224  644
225  226
225  227
225  228
225  229
225  230
225  231
225  232
225  239
225  260
225  365
225  645
226  227
226  228
226  229
226  230
226  231
226  233
226  240
226  261
226  366
226  646
227  228
227  229
227  230
227  231
227  234
227  241
227  262
227  367
227  647
228  229
228  230
228  231
228  235
228  242
228  263
228  368
228  648
229  230
229  231
229  236
229  243
229  264
229  369
229  649
230  231
230  237
230  244
230  265
230  370
230  650
231  238
231  245
231  266
231  371
231  651
232  233
232  234
232  235
232  236
232  237
232  238
232  239
232  267
232  372
232  652
233  234
233  235
233  236
233  237
233  238
233  240
233  268
233  373
233  653
234  235
234  236
234  237
234  238
234  241
234  269
234  374
234  654
235  236
235  237
235  238
235  242
235  270
235  375
235  655
236  237
236  238
236  243
236  271
236  376
236  656
237  238
237  244
237  272
237  377
237  657
238  245
238  273
238  378
238  658
239  240
239  241
239  242
239  243
239  244
239  245
239  274
239  379
239  659
240  241
240  242
240  243
240  244
240  245
240  275
240  380
240  660
241  242
241  243
241  244
241  245
241  276
241  381
241  661
242  243
242  244
242  245
242  277
242  382
242  662
243  244
243  245
243  278
243  383
243  663
244  245
244  279
244  384
244  664
245  280
245  385
245  665
246  247
246  248
246  249
246  250
246  251
246  252
246  253
246  260
246  267
246  274
246  386
246  666
247  248
247  249
247  250
247  251
247  252
247  254
247  261
247  268
247  275
247  387
247  667
248  249
248  250
248  251
248  252
248  255
248  262
248  269
248  276
248  388
248  668
249  250
249  251
249  252
249  256
249  263
249  270
249  277
249  389
249  669
250  251
250  252
250  257
250  264
250  271
250  278
250  390
250  670
251  252
251  258
251  265
251  272
251  279
251  391
251  671
252  259
252  266
252  273
252  280
252  392
252  672
253  254
253  255
253  256
253  257
253  258
253  259
253  260
253  267
253  274
253  393
253  673
254  255
254  256
254  257
254  258
254  259
254  261
254  268
254  275
254  394
254  674
255  256
255  257
255  258
255  259
255  262
255  269
255  276
255  395
255  675
256  257
256  258
256  259
256  263
256  270
256  277
256  396
256  676
257  258
257  259
257  264
257  271
257  278
257  397
257  677
258  259
258  265
258  272
258  279
258  398
258  678
259  266
259  273
259  280
259  399
259  679
260  261
260  262
260  263
260  264
260  265
260  266
260  267
260  274
260  400
260  680
261  262
261  263
261  264
261  265
261  266
261  268
261  275
261  401
261  681
262  263
262  264
262  265
262  266
262  269
262  276
262  402
262  682
263  264
263  265
263  266
263  270
263  277
263  403
263  683
264  265
264  266
264  271
264  278
264  404
264  684
265  266
265  272
265  279
265  405
265  685
266  273
266  280
266  406
266  686
267  268
267  269
267  270
267  271
267  272
267  273
267  274
267  407
267  687
268  269
268  270
268  271
268  272
268  273
268  275
268  408
268  688
269  270
269  271
269  272
269  273
269  276
269  409
269  689
270  271
270  272
270  273
270  277
270  410
270  690
271  272
271  273
271  278
271  411
271  691
272  273
272  279
272  412
272  692
273  280
273  413
273  693
274  275
274  276
274  277
274  278
274  279
274  280
274  414
274  694
275  276
275  277
275  278
275  279
275  280
275  415
275  695
276  277
276  278
276  279
276  280
276  416
276  696
277  278
277  279
277  280
277  417
277  697
278  279
278  280
278  418
278  698
279  280
279  419
279  699
280  420
280  700
281  282
281  283
281  284
281  285
281  286
281  287
281  288
281  295
281  302
281  309
281  316
281  351
281  386
281  701
282  283
282  284
282  285
282  286
282  287
282  289
282  296
282  303
282  310
282  317
282  352
282  387
282  702
283  284
283  285
283  286
283  287
283  290
283  297
283  304
283  311
283  318
283  353
283  388
283  703
284  285
284  286
284  287
284  291
284  298
284  305
284  312
284  319
284  354
284  389
284  704
285  286
285  287
285  292
285  299
285  306
285  313
285  320
285  355
285  390
285  705
286  287
286  293
286  300
286  307
286  314
286  321
286  356
286  391
286  706
287  294
287  301
287  308
287  315
287  322
287  357
287  392
287  707
288  289
288  290
288  291
288  292
288  293
288  294
288  295
288  302
288  309
288  323
288  358
288  393
288  708
289  290
289  291
289  292
289  293
289  294
289  296
289  303
289  310
289  324
289  359
289  394
289  709
290  291
290  292
290  293
290  294
290  297
290  304
290  311
290  325
290  360
290  395
290  710
291  292
291  293
291  294
291  298
291  305
291  312
291  326
291  361
291  396
291  711
292  293
292  294
292  299
292  306
292  313
292  327
292  362
292  397
292  712
293  294
293  300
293  307
293  314
293  328
293  363
293  398
293  713
294  301
294  308
294  315
294  329
294  364
294  399
294  714
295  296
295  297
295  298
295  299
295  300
295  301
295  302
295  309
295  330
295  365
295  400
295  715
296  297
296  298
296  299
296  300
296  301
296  303
296  310
296  331
296  366
296  401
296  716
297  298
297  299
297  300
297  301
297  304
297  311
297  332
297  367
297  402
297  717
298  299
298  300
298  301
298  305
298  312
298  333
298  368
298  403
298  718
299  300
299  301
299  306
299  313
299  334
299  369
299  404
299  719
300  301
300  307
300  314
300  335
300  370
300  405
300  720
301  308
301  315
301  336
301  371
301  406
301  721
302  303
302  304
302  305
302  306
302  307
302  308
302  309
302  337
302  372
302  407
302  722
303  304
303  305
303  306
303  307
303  308
303  310
303  338
303  373
303  408
303  723
304  305
304  306
304  307
304  308
304  311
304  339
304  374
304  409
304  724
305  306
305  307
305  308
305  312
305  340
305  375
305  410
305  725
306  307
306  308
306  313
306  341
306  376
306  411
306  726
307  308
307  314
307  342
307  377
307  412
307  727
308  315
308  343
308  378
308  413
308  728
309  310
309  311
309  312
309  313
309  314
309  315
309  344
309  379
309  414
309  729
310  311
310  312
310  313
310  314
310  315
310  345
310  380
310  415
310  730
311  312
311  313
311  314
311  315
311  346
311  381
311  416
311  731
312  313
312  314
312  315
312  347
312  382
312  417
312  732
313  314
313  315
313  348
313  383
313  418
313  733
314  315
314  349
314  384
314  419
314  734
315  350
315  385
315  420
315  735
316  317
316  318
316  319
316  320
316  321
316  322
316  323
316  330
316  337
316  344
316  351
316  386
316  736
317  318
317  319
317  320
317  321
317  322
317  324
317  331
317  338
317  345
317  352
317  387
317  737
318  319
318  320
318  321
318  322
318  325
318  332
318  339
318  346
318  353
318  388
318  738
319  320
319  321
319  322
319  326
319  333
319  340
319  347
319  354
319  389
319  739
320  321
320  322
320  327
320  334
320  341
320  348
320  355
320  390
320  740
321  322
321  328
321  335
321  342
321  349
321  356
321  391
321  741
322  329
322  336
322  343
322  350
322  357
322  392
322  742
323  324
323  325
323  326
323  327
323  328
323  329
323  330
323  337
323  344
323  358
323  393
323  743
324  325
324  326
324  327
324  328
324  329
324  331
324  338
324  345
324  359
324  394
324  744
325  326
325  327
325  328
325  329
325  332
325  339
325  346
325  360
325  395
325  745
326  327
326  328
326  329
326  333
326  340
326  347
326  361
326  396
326  746
327  328
327  329
327  334
327  341
327  348
327  362
327  397
327  747
328  329
328  335
328  342
328  349
328  363
328  398
328  748
329  336
329  343
329  350
329  364
329  399
329  749
330  331
330  332
330  333
330  334
330  335
330  336
330  337
330  344
330  365
330  400
330  750
331  332
331  333
331  334
331  335
331  336
331  338
331  345
331  366
331  401
331  751
332  333
332  334
332  335
332  336
332  339
332  346
332  367
332  402
332  752
333  334
333  335
333  336
333  340
333  347
333  368
333  403
333  753
334  335
334  336
334  341
334  348
334  369
334  404
334  754
335  336
335  342
335  349
335  370
335  405
335  755
336  343
336  350
336  371
336  406
336  756
337  338
337  339
337  340
337  341
337  342
337  343
337  344
337  372
337  407
337  757
338  339
338  340
338  341
338  342
338  343
338  345
338  373
338  408
338  758
339  340
339  341
339  342
339  343
339  346
339  374
339  409
339  759
340  341
340  342
340  343
340  347
340  375
340  410
340  760
341  342
341  343
341  348
341  376
341  411
341  761
342  343
342  349
342  377
342  412
342  762
343  350
343  378
343  413
343  763
344  345
344  346
344  347
344  348
344  349
344  350
344  379
344  414
344  764
345  346
345  347
345  348
345  349
345  350
345  380
345  415
345  765
346  347
346  348
346  349
346  350
346  381
346  416
346  766
347  348
347  349
347  350
347  382
347  417
347  767
348  349
348  350
348  383
348  418
348  768
349  350
349  384
349  419
349  769
350  385
350  420
350  770
351  352
351  353
351  354
351  355
351  356
351  357
351  358
351  365
351  372
351  379
351  386
351  771
352  353
352  354
352  355
352  356
352  357
352  359
352  366
352  373
352  380
352  387
352  772
353  354
353  355
353  356
353  357
353  360
353  367
353  374
353  381
353  388
353  773
354  355
354  356
354  357
354  361
354  368
354  375
354  382
354  389
354  774
355  356
355  357
355  362
355  369
355  376
355  383
355  390
355  775
356  357
356  363
356  370
356  377
356  384
356  391
356  776
357  364
357  371
357  378
357  385
357  392
357  777
358  359
358  360
358  361
358  362
358  363
358  364
358  365
358  372
358  379
358  393
358  778
359  360
359  361
359  362
359  363
359  364
359  366
359  373
359  380
359  394
359  779
360  361
360  362
360  363
360  364
360  367
360  374
360  381
360  395
360  780
361  362
361  363
361  364
361  368
361  375
361  382
361  396
361  781
362  363
362  364
362  369
362  376
362  383
362  397
362  782
363  364
363  370
363  377
363  384
363  398
363  783
364  371
364  378
364  385
364  399
364  784
365  366
365  367
365  368
365  369
365  370
365  371
365  372
365  379
365  400
365  785
366  367
366  368
366  369
366  370
366  371
366  373
366  380
366  401
366  786
367  368
367  369
367  370
367  371
367  374
367  381
367  402
367  787
368  369
368  370
368  371
368  375
368  382
368  403
368  788
369  370
369  371
369  376
369  383
369  404
369  789
370  371
370  377
370  384
370  405
370  790
371  378
371  385
371  406
371  791
372  373
372  374
372  375
372  376
372  377
372  378
372  379
372  407
372  792
373  374
373  375
373  376
373  377
373  378
373  380
373  408
373  793
374  375
374  376
374  377
374  378
374  381
374  409
374  794
375  376
375  377
375  378
375  382
375  410
375  795
376  377
376  378
376  383
376  411
376  796
377  378
377  384
377  412
377  797
378  385
378  413
378  798
379  380
379  381
379  382
379  383
379  384
379  385
379  414
379  799
380  381
380  382
380  383
380  384
380  385
380  415
380  800
381  382
381  383
381  384
381  385
381  416
381  801
382  383
382  384
382  385
382  417
382  802
383  384
383  385
383  418
383  803
384  385
384  419
384  804
385  420
385  805
386  387
386  388
386  389
386  390
386  391
386  392
386  393
386  400
386  407
386  414
386  806
387  388
387  389
387  390
387  391
387  392
387  394
387  401
387  408
387  415
387  807
388  389
388  390
388  391
388  392
388  395
388  402
388  409
388  416
388  808
389  390
389  391
389  392
389  396
389  403
389  410
389  417
389  809
390  391
390  392
390  397
390  404
390  411
390  418
390  810
391  392
391  398
391  405
391  412
391  419
391  811
392  399
392  406
392  413
392  420
392  812
393  394
393  395
393  396
393  397
393  398
393  399
393  400
393  407
393  414
393  813
394  395
394  396
394  397
394  398
394  399
394  401
394  408
394  415
394  814
395  396
395  397
395  398
395  399
395  402
395  409
395  416
395  815
396  397
396  398
396  399
396  403
396  410
396  417
396  816
397  398
397  399
397  404
397  411
397  418
397  817
398  399
398  405
398  412
398  419
398  818
399  406
399  413
399  420
399  819
400  401
400  402
400  403
400  404
400  405
400  406
400  407
400  414
400  820
401  402
401  403
401  404
401  405
401  406
401  408
401  415
401  821
402  403
402  404
402  405
402  406
402  409
402  416
402  822
403  404
403  405
403  406
403  410
403  417
403  823
404  405
404  406
404  411
404  418
404  824
405  406
405  412
405  419
405  825
406  413
406  420
406  826
407  408
407  409
407  410
407  411
407  412
407  413
407  414
407  827
408  409
408  410
408  411
408  412
408  413
408  415
408  828
409  410
409  411
409  412
409  413
409  416
409  829
410  411
410  412
410  413
410  417
410  830
411  412
411  413
411  418
411  831
412  413
412  419
412  832
413  420
413  833
414  415
414  416
414  417
414  418
414  419
414  420
414  834
415  416
415  417
415  418
415  419
415  420
415  835
416  417
416  418
416  419
416  420
416  836
417  418
417  419
417  420
417  837
418  419
418  420
418  838
419  420
419  839
420  840
421  422
421  423
421  424
421  425
421  426
421  427
421  428
421  435
421  442
421  449
421  456
421  491
421  526
421  561
421  701
422  423
422  424
422  425
422  426
422  427
422  429
422  436
422  443
422  450
422  457
422  492
422  527
422  562
422  702
423  424
423  425
423  426
423  427
423  430
423  437
423  444
423  451
423  458
423  493
423  528
423  563
423  703
424  425
424  426
424  427
424  431
424  438
424  445
424  452
424  459
424  494
424  529
424  564
424  704
425  426
425  427
425  432
425  439
425  446
425  453
425  460
425  495
425  530
425  565
425  705
426  427
426  433
426  440
426  447
426  454
426  461
426  496
426  531
426  566
426  706
427  434
427  441
427  448
427  455
427  462
427  497
427  532
427  567
427  707
428  429
428  430
428  431
428  432
428  433
428  434
428  435
428  442
428  449
428  463
428  498
428  533
428  568
428  708
429  430
429  431
429  432
429  433
429  434
429  436
429  443
429  450
429  464
429  499
429  534
429  569
429  709
430  431
430  432
430  433
430  434
430  437
430  444
430  451
430  465
430  500
430  535
430  570
430  710
431  432
431  433
431  434
431  438
431  445
431  452
431  466
431  501
431  536
431  571
431  711
432  433
432  434
432  439
432  446
432  453
432  467
432  502
432  537
432  572
432  712
433  434
433  440
433  447
433  454
433  468
433  503
433  538
433  573
433  713
434  441
434  448
434  455
434  469
434  504
434  539
434  574
434  714
435  436
435  437
435  438
435  439
435  440
435  441
435  442
435  449
435  470
435  505
435  540
435  575
435  715
436  437
436  438
436  439
436  440
436  441
436  443
436  450
436  471
436  506
436  541
436  576
436  716
437  438
437  439
437  440
437  441
437  444
437  451
437  472
437  507
437  542
437  577
437  717
438  439
438  440
438  441
438  445
438  452
438  473
438  508
438  543
438  578
438  718
439  440
439  441
439  446
439  453
439  474
439  509
439  544
439  579
439  719
440  441
440  447
440  454
440  475
440  510
440  545
440  580
440  720
441  448
441  455
441  476
441  511
441  546
441  581
441  721
442  443
442  444
442  445
442  446
442  447
442  448
442  449
442  477
442  512
442  547
442  582
442  722
443  444
443  445
443  446
443  447
443  448
443  450
443  478
443  513
443  548
443  583
443  723
444  445
444  446
444  447
444  448
444  451
444  479
444  514
444  549
444  584
444  724
445  446
445  447
445  448
445  452
445  480
445  515
445  550
445  585
445  725
446  447
446  448
446  453
446  481
446  516
446  551
446  586
446  726
447  448
447  454
447  482
447  517
447  552
447  587
447  727
448  455
448  483
448  518
448  553
448  588
448  728
449  450
449  451
449  452
449  453
449  454
449  455
449  484
449  519
449  554
449  589
449  729
450  451
450  452
450  453
450  454
450  455
450  485
450  520
450  555
450  590
450  730
451  452
451  453
451  454
451  455
451  486
451  521
451  556
451  591
451  731
452  453
452  454
452  455
452  487
452  522
452  557
452  592
452  732
453  454
453  455
453  488
453  523
453  558
453  593
453  733
454  455
454  489
454  524
454  559
454  594
454  734
455  490
455  525
455  560
455  595
455  735
456  457
456  458
456  459
456  460
456  461
456  462
456  463
456  470
456  477
456  484
456  491
456  526
456  596
456  736
457  458
457  459
457  460
457  461
457  462
457  464
457  471
457  478
457  485
457  492
457  527
457  597
457  737
458  459
458  460
458  461
458  462
458  465
458  472
458  479
458  486
458  493
458  528
458  598
458  738
459  460
459  461
459  462
459  466
459  473
459  480
459  487
459  494
459  529
459  599
459  739
460  461
460  462
460  467
460  474
460  481
460  488
460  495
460  530
460  600
460  740
461  462
461  468
461  475
461  482
461  489
461  496
461  531
461  601
461  741
462  469
462  476
462  483
462  490
462  497
462  532
462  602
462  742
463  464
463  465
463  466
463  467
463  468
463  469
463  470
463  477
463  484
463  498
463  533
463  603
463  743
464  465
464  466
464  467
464  468
464  469
464  471
464  478
464  485
464  499
464  534
464  604
464  744
465  466
465  467
465  468
465  469
465  472
465  479
465  486
465  500
465  535
465  605
465  745
466  467
466  468
466  469
466  473
466  480
466  487
466  501
466  536
466  606
466  746
467  468
467  469
467  474
467  481
467  488
467  502
467  537
467  607
467  747
468  469
468  475
468  482
468  489
468  503
468  538
468  608
468  748
469  476
469  483
469  490
469  504
469  539
469  609
469  749
470  471
470  472
470  473
470  474
470  475
470  476
470  477
470  484
470  505
470  540
470  610
470  750
471  472
471  473
471  474
471  475
471  476
471  478
471  485
471  506
471  541
471  611
471  751
472  473
472  474
472  475
472  476
472  479
472  486
472  507
472  542
472  612
472  752
473  474
473  475
473  476
473  480
473  487
473  508
473  543
473  613
473  753
474  475
474  476
474  481
474  488
474  509
474  544
474  614
474  754
475  476
475  482
475  489
475  510
475  545
475  615
475  755
476  483
476  490
476  511
476  546
476  616
476  756
477  478
477  479
477  480
477  481
477  482
477  483
477  484
477  512
477  547
477  617
477  757
478  479
478  480
478  481
478  482
478  483
478  485
478  513
478  548
478  618
478  758
479  480
479  481
479  482
479  483
479  486
479  514
479  549
479  619
479  759
480  481
480  482
480  483
480  487
480  515
480  550
480  620
480  760
481  482
481  483
481  488
481  516
481  551
481  621
481  761
482  483
482  489
482  517
482  552
482  622
482  762
483  490
483  518
483  553
483  623
483  763
484  485
484  486
484  487
484  488
484  489
484  490
484  519
484  554
484  624
484  764
485  486
485  487
485  488
485  489
485  490
485  520
485  555
485  625
485  765
486  487
486  488
486  489
486  490
486  521
486  556
486  626
486  766
487  488
487  489
487  490
487  522
487  557
487  627
487  767
488  489
488  490
488  523
488  558
488  628
488  768
489  490
489  524
489  559
489  629
489  769
490  525
490  560
490  630
490  770
491  492
491  493
491  494
491  495
491  496
491  497
491  498
491  505
491  512
491  519
491  526
491  631
491  771
492  493
492  494
492  495
492  496
492  497
492  499
492  506
492  513
492  520
492  527
492  632
492  772
493  494
493  495
493  496
493  497
493  500
493  507
493  514
493  521
493  528
493  633
493  773
494  495
494  496
494  497
494  501
494  508
494  515
494  522
494  529
494  634
494  774
495  496
495  497
495  502
495  509
495  516
495  523
495  530
495  635
495  775
496  497
496  503
496  510
496  517
496  524
496  531
496  636
496  776
497  504
497  511
497  518
497  525
497  532
497  637
497  777
498  499
498  500
498  501
498  502
498  503
498  504
498  505
498  512
498  519
498  533
498  638
498  778
499  500
499  501
499  502
499  503
499  504
499  506
499  513
499  520
499  534
499  639
499  779
500  501
500  502
500  503
500  504
500  507
500  514
500  521
500  535
500  640
500  780
501  502
501  503
501  504
501  508
501  515
501  522
501  536
501  641
501  781
502  503
502  504
502  509
502  516
502  523
502  537
502  642
502  782
503  504
503  510
503  517
503  524
503  538
503  643
503  783
504  511
504  518
504  525
504  539
504  644
504  784
505  506
505  507
505  508
505  509
505  510
505  511
505  512
505  519
505  540
505  645
505  785
506  507
506  508
506  509
506  510
506  511
506  513
506  520
506  541
506  646
506  786
507  508
507  509
507  510
507  511
507  514
507  521
507  542
507  647
507  787
508  509
508  510
508  511
508  515
508  522
508  543
508  648
508  788
509  510
509  511
509  516
509  523
509  544
509  649
509  789
510  511
510  517
510  524
510  545
510  650
510  790
511  518
511  525
511  546
511  651
511  791
512  513
512  514
512  515
512  516
512  517
512  518
512  519
512  547
512  652
512  792
513  514
513  515
513  516
513  517
513  518
513  520
513  548
513  653
513  793
514  515
514  516
514  517
514  518
514  521
514  549
514  654
514  794
515  516
515  517
515  518
515  522
515  550
515  655
515  795
516  517
516  518
516  523
516  551
516  656
516  796
517  518
517  524
517  552
517  657
517  797
518  525
518  553
518  658
518  798
519  520
519  521
519  522
519  523
519  524
519  525
519  554
519  659
519  799
520  521
520  522
520  523
520  524
520  525
520  555
520  660
520  800
521  522
521  523
521  524
521  525
521  556
521  661
521  801
522  523
522  524
522  525
522  557
522  662
522  802
523  524
523  525
523  558
523  663
523  803
524  525
524  559
524  664
524  804
525  560
525  665
525  805
526  527
526  528
526  529
526  530
526  531
526  532
526  533
526  540
526  547
526  554
526  666
526  806
527  528
527  529
527  530
527  531
527  532
527  534
527  541
527  548
527  555
527  667
527  807
528  529
528  530
528  531
528  532
528  535
528  542
528  549
528  556
528  668
528  808
529  530
529  531
529  532
529  536
529  543
529  550
529  557
529  669
529  809
530  531
530  532
530  537
530  544
530  551
530  558
530  670
530  810
531  532
531  538
531  545
531  552
531  559
531  671
531  811
532  539
532  546
532  553
532  560
532  672
532  812
533  534
533  535
533  536
533  537
533  538
533  539
533  540
533  547
533  554
533  673
533  813
534  535
534  536
534  537
534  538
534  539
534  541
534  548
534  555
534  674
534  814
535  536
535  537
535  538
535  539
535  542
535  549
535  556
535  675
535  815
536  537
536  538
536  539
536  543
536  550
536  557
536  676
536  816
537  538
537  539
537  544
537  551
537  558
537  677
537  817
538  539
538  545
538  552
538  559
538  678
538  818
539  546
539  553
539  560
539  679
539  819
540  541
540  542
540  543
540  544
540  545
540  546
540  547
540  554
540  680
540  820
541  542
541  543
541  544
541  545
541  546
541  548
541  555
541  681
541  821
542  543
542  544
542  545
542  546
542  549
542  556
542  682
542  822
543  544
543  545
543  546
543  550
543  557
543  683
543  823
544  545
544  546
544  551
544  558
544  684
544  824
545  546
545  552
545  559
545  685
545  825
546  553
546  560
546  686
546  826
547  548
547  549
547  550
547  551
547  552
547  553
547  554
547  687
547  827
548  549
548  550
548  551
548  552
548  553
548  555
548  688
548  828
549  550
549  551
549  552
549  553
549  556
549  689
549  829
550  551
550  552
550  553
550  557
550  690
550  830
551  552
551  553
551  558
551  691
551  831
552  553
552  559
552  692
552  832
553  560
553  693
553  833
554  555
554  556
554  557
554  558
554  559
554  560
554  694
554  834
555  556
555  557
555  558
555  559
555  560
555  695
555  835
556  557
556  558
556  559
556  560
556  696
556  836
557  558
557  559
557  560
557  697
557  837
558  559
558  560
558  698
558  838
559  560
559  699
559  839
560  700
560  840
561  562
561  563
561  564
561  565
561  566
561  567
561  568
561  575
561  582
561  589
561  596
561  631
561  666
561  701
562  563
562  564
562  565
562  566
562  567
562  569
562  576
562  583
562  590
562  597
562  632
562  667
562  702
563  564
563  565
563  566
563  567
563  570
563  577
563  584
563  591
563  598
563  633
563  668
563  703
564  565
564  566
564  567
564  571
564  578
564  585
564  592
564  599
564  634
564  669
564  704
565  566
565  567
565  572
565  579
565  586
565  593
565  600
565  635
565  670
565  705
566  567
566  573
566  580
566  587
566  594
566  601
566  636
566  671
566  706
567  574
567  581
567  588
567  595
567  602
567  637
567  672
567  707
568  569
568  570
568  571
568  572
568  573
568  574
568  575
568  582
568  589
568  603
568  638
568  673
568  708
569  570
569  571
569  572
569  573
569  574
569  576
569  583
569  590
569  604
569  639
569  674
569  709
570  571
570  572
570  573
570  574
570  577
570  584
570  591
570  605
570  640
570  675
570  710
571  572
571  573
571  574
571  578
571  585
571  592
571  606
571  641
571  676
571  711
572  573
572  574
572  579
572  586
572  593
572  607
572  642
572  677
572  712
573  574
573  580
573  587
573  594
573  608
573  643
573  678
573  713
574  581
574  588
574  595
574  609
574  644
574  679
574  714
575  576
575  577
575  578
575  579
575  580
575  581
575  582
575  589
575  610
575  645
575  680
575  715
576  577
576  578
576  579
576  580
576  581
576  583
576  590
576  611
576  646
576  681
576  716
577  578
577  579
577  580
577  581
577  584
577  591
577  612
577  647
577  682
577  717
578  579
578  580
578  581
578  585
578  592
578  613
578  648
578  683
578  718
579  580
579  581
579  586
579  593
579  614
579  649
579  684
579  719
580  581
580  587
580  594
580  615
580  650
580  685
580  720
581  588
581  595
581  616
581  651
581  686
581  721
582  583
582  584
582  585
582  586
582  587
582  588
582  589
582  617
582  652
582  687
582  722
583  584
583  585
583  586
583  587
583  588
583  590
583  618
583  653
583  688
583  723
584  585
584  586
584  587
584  588
584  591
584  619
584  654
584  689
584  724
585  586
585  587
585  588
585  592
585  620
585  655
585  690
585  725
586  587
586  588
586  593
586  621
586  656
586  691
586  726
587  588
587  594
587  622
587  657
587  692
587  727
588  595
588  623
588  658
588  693
588  728
589  590
589  591
589  592
589  593
589  594
589  595
589  624
589  659
589  694
589  729
590  591
590  592
590  593
590  594
590  595
590  625
590  660
590  695
590  730
591  592
591  593
591  594
591  595
591  626
591  661
591  696
591  731
592  593
592  594
592  595
592  627
592  662
592  697
592  732
593  594
593  595
593  628
593  663
593  698
593  733
594  595
594  629
594  664
594  699
594  734
595  630
595  665
595  700
595  735
596  597
596  598
596  599
596  600
596  601
596  602
596  603
596  610
596  617
596  624
596  631
596  666
596  736
597  598
597  599
597  600
597  601
597  602
597  604
597  611
597  618
597  625
597  632
597  667
597  737
598  599
598  600
598  601
598  602
598  605
598  612
598  619
598  626
598  633
598  668
598  738
599  600
599  601
599  602
599  606
599  613
599  620
599  627
599  634
599  669
599  739
600  601
600  602
600  607
600  614
600  621
600  628
600  635
600  670
600  740
601  602
601  608
601  615
601  622
601  629
601  636
601  671
601  741
602  609
602  616
602  623
602  630
602  637
602  672
602  742
603  604
603  605
603  606
603  607
603  608
603  609
603  610
603  617
603  624
603  638
603  673
603  743
604  605
604  606
604  607
604  608
604  609
604  611
604  618
604  625
604  639
604  674
604  744
605  606
605  607
605  608
605  609
605  612
605  619
605  626
605  640
605  675
605  745
606  607
606  608
606  609
606  613
606  620
606  627
606  641
606  676
606  746
607  608
607  609
607  614
607  621
607  628
607  642
607  677
607  747
608  609
608  615
608  622
608  629
608  643
608  678
608  748
609  616
609  623
609  630
609  644
609  679
609  749
610  611
610  612
610  613
610  614
610  615
610  616
610  617
610  624
610  645
610  680
610  750
611  612
611  613
611  614
611  615
611  616
611  618
611  625
611  646
611  681
611  751
612  613
612  614
612  615
612  616
612  619
612  626
612  647
612  682
612  752
613  614
613  615
613  616
613  620
613  627
613  648
613  683
613  753
614  615
614  616
614  621
614  628
614  649
614  684
614  754
615  616
615  622
615  629
615  650
615  685
615  755
616  623
616  630
616  651
616  686
616  756
617  618
617  619
617  620
617  621
617  622
617  623
617  624
617  652
617  687
617  757
618  619
618  620
618  621
618  622
618  623
618  625
618  653
618  688
618  758
619  620
619  621
619  622
619  623
619  626
619  654
619  689
619  759
620  621
620  622
620  623
620  627
620  655
620  690
620  760
621  622
621  623
621  628
621  656
621  691
621  761
622  623
622  629
622  657
622  692
622  762
623  630
623  658
623  693
623  763
624  625
624  626
624  627
624  628
624  629
624  630
624  659
624  694
624  764
625  626
625  627
625  628
625  629
625  630
625  660
625  695
625  765
626  627
626  628
626  629
626  630
626  661
626  696
626  766
627  628
627  629
627  630
627  662
627  697
627  767
628  629
628  630
628  663
628  698
628  768
629  630
629  664
629  699
629  769
630  665
630  700
630  770
631  632
631  633
631  634
631  635
631  636
631  637
631  638
631  645
631  652
631  659
631  666
631  771
632  633
632  634
632  635
632  636
632  637
632  639
632  646
632  653
632  660
632  667
632  772
633  634
633  635
633  636
633  637
633  640
633  647
633  654
633  661
633  668
633  773
634  635
634  636
634  637
634  641
634  648
634  655
634  662
634  669
634  774
635  636
635  637
635  642
635  649
635  656
635  663
635  670
635  775
636  637
636  643
636  650
636  657
636  664
636  671
636  776
637  644
637  651
637  658
637  665
637  672
637  777
638  639
638  640
638  641
638  642
638  643
638  644
638  645
638  652
638  659
638  673
638  778
639  640
639  641
639  642
639  643
639  644
639  646
639  653
639  660
639  674
639  779
640  641
640  642
640  643
640  644
640  647
640  654
640  661
640  675
640  780
641  642
641  643
641  644
641  648
641  655
641  662
641  676
641  781
642  643
642  644
642  649
642  656
642  663
642  677
642  782
643  644
643  650
643  657
643  664
643  678
643  783
644  651
644  658
644  665
644  679
644  784
645  646
645  647
645  648
645  649
645  650
645  651
645  652
645  659
645  680
645  785
646  647
646  648
646  649
646  650
646  651
646  653
646  660
646  681
646  786
647  648
647  649
647  650
647  651
647  654
647  661
647  682
647  787
648  649
648  650
648  651
648  655
648  662
648  683
648  788
649  650
649  651
649  656
649  663
649  684
649  789
650  651
650  657
650  664
650  685
650  790
651  658
651  665
651  686
651  791
652  653
652  654
652  655
652  656
652  657
652  658
652  659
652  687
652  792
653  654
653  655
653  656
653  657
653  658
653  660
653  688
653  793
654  655
654  656
654  657
654  658
654  661
654  689
654  794
655  656
655  657
655  658
655  662
655  690
655  795
656  657
656  658
656  663
656  691
656  796
657  658
657  664
657  692
657  797
658  665
658  693
658  798
659  660
659  661
659  662
659  663
659  664
659  665
659  694
659  799
660  661
660  662
660  663
660  664
660  665
660  695
660  800
661  662
661  663
661  664
661  665
661  696
661  801
662  663
662  664
662  665
662  697
662  802
663  664
663  665
663  698
663  803
664  665
664  699
664  804
665  700
665  805
666  667
666  668
666  669
666  670
666  671
666  672
666  673
666  680
666  687
666  694
666  806
667  668
667  669
667  670
667  671
667  672
667  674
667  681
667  688
667  695
667  807
668  669
668  670
668  671
668  672
668  675
668  682
668  689
668  696
668  808
669  670
669  671
669  672
669  676
669  683
669  690
669  697
669  809
670  671
670  672
670  677
670  684
670  691
670  698
670  810
671  672
671  678
671  685
671  692
671  699
671  811
672  679
672  686
672  693
672  700
672  812
673  674
673  675
673  676
673  677
673  678
673  679
673  680
673  687
673  694
673  813
674  675
674  676
674  677
674  678
674  679
674  681
674  688
674  695
674  814
675  676
675  677
675  678
675  679
675  682
675  689
675  696
675  815
676  677
676  678
676  679
676  683
676  690
676  697
676  816
677  678
677  679
677  684
677  691
677  698
677  817
678  679
678  685
678  692
678  699
678  818
679  686
679  693
679  700
679  819
680  681
680  682
680  683
680  684
680  685
680  686
680  687
680  694
680  820
681  682
681  683
681  684
681  685
681  686
681  688
681  695
681  821
682  683
682  684
682  685
682  686
682  689
682  696
682  822
683  684
683  685
683  686
683  690
683  697
683  823
684  685
684  686
684  691
684  698
684  824
685  686
685  692
685  699
685  825
686  693
686  700
686  826
687  688
687  689
687  690
687  691
687  692
687  693
687  694
687  827
688  689
688  690
688  691
688  692
688  693
688  695
688  828
689  690
689  691
689  692
689  693
689  696
689  829
690  691
690  692
690  693
690  697
690  830
691  692
691  693
691  698
691  831
692  693
692  699
692  832
693  700
693  833
694  695
694  696
694  697
694  698
694  699
694  700
694  834
695  696
695  697
695  698
695  699
695  700
695  835
696  697
696  698
696  699
696  700
696  836
697  698
697  699
697  700
697  837
698  699
698  700
698  838
699  700
699  839
700  840
701  702
701  703
701  704
701  705
701  706
701  707
701  708
701  715
701  722
701  729
701  736
701  771
701  806
702  703
702  704
702  705
702  706
702  707
702  709
702  716
702  723
702  730
702  737
702  772
702  807
703  704
703  705
703  706
703  707
703  710
703  717
703  724
703  731
703  738
703  773
703  808
704  705
704  706
704  707
704  711
704  718
704  725
704  732
704  739
704  774
704  809
705  706
705  707
705  712
705  719
705  726
705  733
705  740
705  775
705  810
706  707
706  713
706  720
706  727
706  734
706  741
706  776
706  811
707  714
707  721
707  728
707  735
707  742
707  777
707  812
708  709
708  710
708  711
708  712
708  713
708  714
708  715
708  722
708  729
708  743
708  778
708  813
709  710
709  711
709  712
709  713
709  714
709  716
709  723
709  730
709  744
709  779
709  814
710  711
710  712
710  713
710  714
710  717
710  724
710  731
710  745
710  780
710  815
711  712
711  713
711  714
711  718
711  725
711  732
711  746
711  781
711  816
712  713
712  714
712  719
712  726
712  733
712  747
712  782
712  817
713  714
713  720
713  727
713  734
713  748
713  783
713  818
714  721
714  728
714  735
714  749
714  784
714  819
715  716
715  717
715  718
715  719
715  720
715  721
715  722
715  729
715  750
715  785
715  820
716  717
716  718
716  719
716  720
716  721
716  723
716  730
716  751
716  786
716  821
717  718
717  719
717  720
717  721
717  724
717  731
717  752
717  787
717  822
718  719
718  720
718  721
718  725
718  732
718  753
718  788
718  823
719  720
719  721
719  726
719  733
719  754
719  789
719  824
720  721
720  727
720  734
720  755
720  790
720  825
721  728
721  735
721  756
721  791
721  826
722  723
722  724
722  725
722  726
722  727
722  728
722  729
722  757
722  792
722  827
723  724
723  725
723  726
723  727
723  728
723  730
723  758
723  793
723  828
724  725
724  726
724  727
724  728
724  731
724  759
724  794
724  829
725  726
725  727
725  728
725  732
725  760
725  795
725  830
726  727
726  728
726  733
726  761
726  796
726  831
727  728
727  734
727  762
727  797
727  832
728  735
728  763
728  798
728  833
729  730
729  731
729  732
729  733
729  734
729  735
729  764
729  799
729  834
730  731
730  732
730  733
730  734
730  735
730  765
730  800
730  835
731  732
731  733
731  734
731  735
731  766
731  801
731  836
732  733
732  734
732  735
732  767
732  802
732  837
733  734
733  735
733  768
733  803
733  838
734  735
734  769
734  804
734  839
735  770
735  805
735  840
736  737
736  738
736  739
736  740
736  741
736  742
736  743
736  750
736  757
736  764
736  771
736  806
737  738
737  739
737  740
737  741
737  742
737  744
737  751
737  758
737  765
737  772
737  807
738  739
738  740
738  741
738  742
738  745
738  752
738  759
738  766
738  773
738  808
739  740
739  741
739  742
739  746
739  753
739  760
739  767
739  774
739  809
740  741
740  742
740  747
740  754
740  761
740  768
740  775
740  810
741  742
741  748
741  755
741  762
741  769
741  776
741  811
742  749
742  756
742  763
742  770
742  777
742  812
743  744
743  745
743  746
743  747
743  748
743  749
743  750
743  757
743  764
743  778
743  813
744  745
744  746
744  747
744  748
744  749
744  751
744  758
744  765
744  779
744  814
745  746
745  747
745  748
745  749
745  752
745  759
745  766
745  780
745  815
746  747
746  748
746  749
746  753
746  760
746  767
746  781
746  816
747  748
747  749
747  754
747  761
747  768
747  782
747  817
748  749
748  755
748  762
748  769
748  783
748  818
749  756
749  763
749  770
749  784
749  819
750  751
750  752
750  753
750  754
750  755
750  756
750  757
750  764
750  785
750  820
751  752
751  753
751  754
751  755
751  756
751  758
751  765
751  786
751  821
752  753
752  754
752  755
752  756
752  759
752  766
752  787
752  822
753  754
753  755
753  756
753  760
753  767
753  788
753  823
754  755
754  756
754  761
754  768
754  789
754  824
755  756
755  762
755  769
755  790
755  825
756  763
756  770
756  791
756  826
757  758
757  759
757  760
757  761
757  762
757  763
757  764
757  792
757  827
758  759
758  760
758  761
758  762
758  763
758  765
758  793
758  828
759  760
759  761
759  762
759  763
759  766
759  794
759  829
760  761
760  762
760  763
760  767
760  795
760  830
761  762
761  763
761  768
761  796
761  831
762  763
762  769
762  797
762  832
763  770
763  798
763  833
764  765
764  766
764  767
764  768
764  769
764  770
764  799
764  834
765  766
765  767
765  768
765  769
765  770
765  800
765  835
766  767
766  768
766  769
766  770
766  801
766  836
767  768
767  769
767  770
767  802
767  837
768  769
768  770
768  803
768  838
769  770
769  804
769  839
770  805
770  840
771  772
771  773
771  774
771  775
771  776
771  777
771  778
771  785
771  792
771  799
771  806
772  773
772  774
772  775
772  776
772  777
772  779
772  786
772  793
772  800
772  807
773  774
773  775
773  776
773  777
773  780
773  787
773  794
773  801
773  808
774  775
774  776
774  777
774  781
774  788
774  795
774  802
774  809
775  776
775  777
775  782
775  789
775  796
775  803
775  810
776  777
776  783
776  790
776  797
776  804
776  811
777  784
777  791
777  798
777  805
777  812
778  779
778  780
778  781
778  782
778  783
778  784
778  785
778  792
778  799
778  813
779  780
779  781
779  782
779  783
779  784
779  786
779  793
779  800
779  814
780  781
780  782
780  783
780  784
780  787
780  794
780  801
780  815
781  782
781  783
781  784
781  788
781  795
781  802
781  816
782  783
782  784
782  789
782  796
782  803
782  817
783  784
783  790
783  797
783  804
783  818
784  791
784  798
784  805
784  819
785  786
785  787
785  788
785  789
785  790
785  791
785  792
785  799
785  820
786  787
786  788
786  789
786  790
786  791
786  793
786  800
786  821
787  788
787  789
787  790
787  791
787  794
787  801
787  822
788  789
788  790
788  791
788  795
788  802
788  823
789  790
789  791
789  796
789  803
789  824
790  791
790  797
790  804
790  825
791  798
791  805
791  826
792  793
792  794
792  795
792  796
792  797
792  798
792  799
792  827
793  794
793  795
793  796
793  797
793  798
793  800
793  828
794  795
794  796
794  797
794  798
794  801
794  829
795  796
795  797
795  798
795  802
795  830
796  797
796  798
796  803
796  831
797  798
797  804
797  832
798  805
798  833
799  800
799  801
799  802
799  803
799  804
799  805
799  834
800  801
800  802
800  803
800  804
800  805
800  835
801  802
801  803
801  804
801  805
801  836
802  803
802  804
802  805
802  837
803  804
803  805
803  838
804  805
804  839
805  840
806  807
806  808
806  809
806  810
806  811
806  812
806  813
806  820
806  827
806  834
807  808
807  809
807  810
807  811
807  812
807  814
807  821
807  828
807  835
808  809
808  810
808  811
808  812
808  815
808  822
808  829
808  836
809  810
809  811
809  812
809  816
809  823
809  830
809  837
810  811
810  812
810  817
810  824
810  831
810  838
811  812
811  818
811  825
811  832
811  839
812  819
812  826
812  833
812  840
813  814
813  815
813  816
813  817
813  818
813  819
813  820
813  827
813  834
814  815
814  816
814  817
814  818
814  819
814  821
814  828
814  835
815  816
815  817
815  818
815  819
815  822
815  829
815  836
816  817
816  818
816  819
816  823
816  830
816  837
817  818
817  819
817  824
817  831
817  838
818  819
818  825
818  832
818  839
819  826
819  833
819  840
820  821
820  822
820  823
820  824
820  825
820  826
820  827
820  834
821  822
821  823
821  824
821  825
821  826
821  828
821  835
822  823
822  824
822  825
822  826
822  829
822  836
823  824
823  825
823  826
823  830
823  837
824  825
824  826
824  831
824  838
825  826
825  832
825  839
826  833
826  840
827  828
827  829
827  830
827  831
827  832
827  833
827  834
828  829
828  830
828  831
828  832
828  833
828  835
829  830
829  831
829  832
829  833
829  836
830  831
830  832
830  833
830  837
831  832
831  833
831  838
832  833
832  839
833  840
834  835
834  836
834  837
834  838
834  839
834  840
835  836
835  837
835  838
835  839
835  840
836  837
836  838
836  839
836  840
837  838
837  839
837  840
838  839
838  840
839  840
