Problem name: hamming3x4x4x4x5.txt 	 Optimal solution = 192
960 960 7200
1  2
1  3
1  4
1  5
1  6
1  11
1  16
1  21
1  41
1  61
1  81
1  161
1  241
1  321
1  641
2  3
2  4
2  5
2  7
2  12
2  17
2  22
2  42
2  62
2  82
2  162
2  242
2  322
2  642
3  4
3  5
3  8
3  13
3  18
3  23
3  43
3  63
3  83
3  163
3  243
3  323
3  643
4  5
4  9
4  14
4  19
4  24
4  44
4  64
4  84
4  164
4  244
4  324
4  644
5  10
5  15
5  20
5  25
5  45
5  65
5  85
5  165
5  245
5  325
5  645
6  7
6  8
6  9
6  10
6  11
6  16
6  26
6  46
6  66
6  86
6  166
6  246
6  326
6  646
7  8
7  9
7  10
7  12
7  17
7  27
7  47
7  67
7  87
7  167
7  247
7  327
7  647
8  9
8  10
8  13
8  18
8  28
8  48
8  68
8  88
8  168
8  248
8  328
8  648
9  10
9  14
9  19
9  29
9  49
9  69
9  89
9  169
9  249
9  329
9  649
10  15
10  20
10  30
10  50
10  70
10  90
10  170
10  250
10  330
10  650
11  12
11  13
11  14
11  15
11  16
11  31
11  51
11  71
11  91
11  171
11  251
11  331
11  651
12  13
12  14
12  15
12  17
12  32
12  52
12  72
12  92
12  172
12  252
12  332
12  652
13  14
13  15
13  18
13  33
13  53
13  73
13  93
13  173
13  253
13  333
13  653
14  15
14  19
14  34
14  54
14  74
14  94
14  174
14  254
14  334
14  654
15  20
15  35
15  55
15  75
15  95
15  175
15  255
15  335
15  655
16  17
16  18
16  19
16  20
16  36
16  56
16  76
16  96
16  176
16  256
16  336
16  656
17  18
17  19
17  20
17  37
17  57
17  77
17  97
17  177
17  257
17  337
17  657
18  19
18  20
18  38
18  58
18  78
18  98
18  178
18  258
18  338
18  658
19  20
19  39
19  59
19  79
19  99
19  179
19  259
19  339
19  659
20  40
20  60
20  80
20  100
20  180
20  260
20  340
20  660
21  22
21  23
21  24
21  25
21  26
21  31
21  36
21  41
21  61
21  101
21  181
21  261
21  341
21  661
22  23
22  24
22  25
22  27
22  32
22  37
22  42
22  62
22  102
22  182
22  262
22  342
22  662
23  24
23  25
23  28
23  33
23  38
23  43
23  63
23  103
23  183
23  263
23  343
23  663
24  25
24  29
24  34
24  39
24  44
24  64
24  104
24  184
24  264
24  344
24  664
25  30
25  35
25  40
25  45
25  65
25  105
25  185
25  265
25  345
25  665
26  27
26  28
26  29
26  30
26  31
26  36
26  46
26  66
26  106
26  186
26  266
26  346
26  666
27  28
27  29
27  30
27  32
27  37
27  47
27  67
27  107
27  187
27  267
27  347
27  667
28  29
28  30
28  33
28  38
28  48
28  68
28  108
28  188
28  268
28  348
28  668
29  30
29  34
29  39
29  49
29  69
29  109
29  189
29  269
29  349
29  669
30  35
30  40
30  50
30  70
30  110
30  190
30  270
30  350
30  670
31  32
31  33
31  34
31  35
31  36
31  51
31  71
31  111
31  191
31  271
31  351
31  671
32  33
32  34
32  35
32  37
32  52
32  72
32  112
32  192
32  272
32  352
32  672
33  34
33  35
33  38
33  53
33  73
33  113
33  193
33  273
33  353
33  673
34  35
34  39
34  54
34  74
34  114
34  194
34  274
34  354
34  674
35  40
35  55
35  75
35  115
35  195
35  275
35  355
35  675
36  37
36  38
36  39
36  40
36  56
36  76
36  116
36  196
36  276
36  356
36  676
37  38
37  39
37  40
37  57
37  77
37  117
37  197
37  277
37  357
37  677
38  39
38  40
38  58
38  78
38  118
38  198
38  278
38  358
38  678
39  40
39  59
39  79
39  119
39  199
39  279
39  359
39  679
40  60
40  80
40  120
40  200
40  280
40  360
40  680
41  42
41  43
41  44
41  45
41  46
41  51
41  56
41  61
41  121
41  201
41  281
41  361
41  681
42  43
42  44
42  45
42  47
42  52
42  57
42  62
42  122
42  202
42  282
42  362
42  682
43  44
43  45
43  48
43  53
43  58
43  63
43  123
43  203
43  283
43  363
43  683
44  45
44  49
44  54
44  59
44  64
44  124
44  204
44  284
44  364
44  684
45  50
45  55
45  60
45  65
45  125
45  205
45  285
45  365
45  685
46  47
46  48
46  49
46  50
46  51
46  56
46  66
46  126
46  206
46  286
46  366
46  686
47  48
47  49
47  50
47  52
47  57
47  67
47  127
47  207
47  287
47  367
47  687
48  49
48  50
48  53
48  58
48  68
48  128
48  208
48  288
48  368
48  688
49  50
49  54
49  59
49  69
49  129
49  209
49  289
49  369
49  689
50  55
50  60
50  70
50  130
50  210
50  290
50  370
50  690
51  52
51  53
51  54
51  55
51  56
51  71
51  131
51  211
51  291
51  371
51  691
52  53
52  54
52  55
52  57
52  72
52  132
52  212
52  292
52  372
52  692
53  54
53  55
53  58
53  73
53  133
53  213
53  293
53  373
53  693
54  55
54  59
54  74
54  134
54  214
54  294
54  374
54  694
55  60
55  75
55  135
55  215
55  295
55  375
55  695
56  57
56  58
56  59
56  60
56  76
56  136
56  216
56  296
56  376
56  696
57  58
57  59
57  60
57  77
57  137
57  217
57  297
57  377
57  697
58  59
58  60
58  78
58  138
58  218
58  298
58  378
58  698
59  60
59  79
59  139
59  219
59  299
59  379
59  699
60  80
60  140
60  220
60  300
60  380
60  700
61  62
61  63
61  64
61  65
61  66
61  71
61  76
61  141
61  221
61  301
61  381
61  701
62  63
62  64
62  65
62  67
62  72
62  77
62  142
62  222
62  302
62  382
62  702
63  64
63  65
63  68
63  73
63  78
63  143
63  223
63  303
63  383
63  703
64  65
64  69
64  74
64  79
64  144
64  224
64  304
64  384
64  704
65  70
65  75
65  80
65  145
65  225
65  305
65  385
65  705
66  67
66  68
66  69
66  70
66  71
66  76
66  146
66  226
66  306
66  386
66  706
67  68
67  69
67  70
67  72
67  77
67  147
67  227
67  307
67  387
67  707
68  69
68  70
68  73
68  78
68  148
68  228
68  308
68  388
68  708
69  70
69  74
69  79
69  149
69  229
69  309
69  389
69  709
70  75
70  80
70  150
70  230
70  310
70  390
70  710
71  72
71  73
71  74
71  75
71  76
71  151
71  231
71  311
71  391
71  711
72  73
72  74
72  75
72  77
72  152
72  232
72  312
72  392
72  712
73  74
73  75
73  78
73  153
73  233
73  313
73  393
73  713
74  75
74  79
74  154
74  234
74  314
74  394
74  714
75  80
75  155
75  235
75  315
75  395
75  715
76  77
76  78
76  79
76  80
76  156
76  236
76  316
76  396
76  716
77  78
77  79
77  80
77  157
77  237
77  317
77  397
77  717
78  79
78  80
78  158
78  238
78  318
78  398
78  718
79  80
79  159
79  239
79  319
79  399
79  719
80  160
80  240
80  320
80  400
80  720
81  82
81  83
81  84
81  85
81  86
81  91
81  96
81  101
81  121
81  141
81  161
81  241
81  401
81  721
82  83
82  84
82  85
82  87
82  92
82  97
82  102
82  122
82  142
82  162
82  242
82  402
82  722
83  84
83  85
83  88
83  93
83  98
83  103
83  123
83  143
83  163
83  243
83  403
83  723
84  85
84  89
84  94
84  99
84  104
84  124
84  144
84  164
84  244
84  404
84  724
85  90
85  95
85  100
85  105
85  125
85  145
85  165
85  245
85  405
85  725
86  87
86  88
86  89
86  90
86  91
86  96
86  106
86  126
86  146
86  166
86  246
86  406
86  726
87  88
87  89
87  90
87  92
87  97
87  107
87  127
87  147
87  167
87  247
87  407
87  727
88  89
88  90
88  93
88  98
88  108
88  128
88  148
88  168
88  248
88  408
88  728
89  90
89  94
89  99
89  109
89  129
89  149
89  169
89  249
89  409
89  729
90  95
90  100
90  110
90  130
90  150
90  170
90  250
90  410
90  730
91  92
91  93
91  94
91  95
91  96
91  111
91  131
91  151
91  171
91  251
91  411
91  731
92  93
92  94
92  95
92  97
92  112
92  132
92  152
92  172
92  252
92  412
92  732
93  94
93  95
93  98
93  113
93  133
93  153
93  173
93  253
93  413
93  733
94  95
94  99
94  114
94  134
94  154
94  174
94  254
94  414
94  734
95  100
95  115
95  135
95  155
95  175
95  255
95  415
95  735
96  97
96  98
96  99
96  100
96  116
96  136
96  156
96  176
96  256
96  416
96  736
97  98
97  99
97  100
97  117
97  137
97  157
97  177
97  257
97  417
97  737
98  99
98  100
98  118
98  138
98  158
98  178
98  258
98  418
98  738
99  100
99  119
99  139
99  159
99  179
99  259
99  419
99  739
100  120
100  140
100  160
100  180
100  260
100  420
100  740
101  102
101  103
101  104
101  105
101  106
101  111
101  116
101  121
101  141
101  181
101  261
101  421
101  741
102  103
102  104
102  105
102  107
102  112
102  117
102  122
102  142
102  182
102  262
102  422
102  742
103  104
103  105
103  108
103  113
103  118
103  123
103  143
103  183
103  263
103  423
103  743
104  105
104  109
104  114
104  119
104  124
104  144
104  184
104  264
104  424
104  744
105  110
105  115
105  120
105  125
105  145
105  185
105  265
105  425
105  745
106  107
106  108
106  109
106  110
106  111
106  116
106  126
106  146
106  186
106  266
106  426
106  746
107  108
107  109
107  110
107  112
107  117
107  127
107  147
107  187
107  267
107  427
107  747
108  109
108  110
108  113
108  118
108  128
108  148
108  188
108  268
108  428
108  748
109  110
109  114
109  119
109  129
109  149
109  189
109  269
109  429
109  749
110  115
110  120
110  130
110  150
110  190
110  270
110  430
110  750
111  112
111  113
111  114
111  115
111  116
111  131
111  151
111  191
111  271
111  431
111  751
112  113
112  114
112  115
112  117
112  132
112  152
112  192
112  272
112  432
112  752
113  114
113  115
113  118
113  133
113  153
113  193
113  273
113  433
113  753
114  115
114  119
114  134
114  154
114  194
114  274
114  434
114  754
115  120
115  135
115  155
115  195
115  275
115  435
115  755
116  117
116  118
116  119
116  120
116  136
116  156
116  196
116  276
116  436
116  756
117  118
117  119
117  120
117  137
117  157
117  197
117  277
117  437
117  757
118  119
118  120
118  138
118  158
118  198
118  278
118  438
118  758
119  120
119  139
119  159
119  199
119  279
119  439
119  759
120  140
120  160
120  200
120  280
120  440
120  760
121  122
121  123
121  124
121  125
121  126
121  131
121  136
121  141
121  201
121  281
121  441
121  761
122  123
122  124
122  125
122  127
122  132
122  137
122  142
122  202
122  282
122  442
122  762
123  124
123  125
123  128
123  133
123  138
123  143
123  203
123  283
123  443
123  763
124  125
124  129
124  134
124  139
124  144
124  204
124  284
124  444
124  764
125  130
125  135
125  140
125  145
125  205
125  285
125  445
125  765
126  127
126  128
126  129
126  130
126  131
126  136
126  146
126  206
126  286
126  446
126  766
127  128
127  129
127  130
127  132
127  137
127  147
127  207
127  287
127  447
127  767
128  129
128  130
128  133
128  138
128  148
128  208
128  288
128  448
128  768
129  130
129  134
129  139
129  149
129  209
129  289
129  449
129  769
130  135
130  140
130  150
130  210
130  290
130  450
130  770
131  132
131  133
131  134
131  135
131  136
131  151
131  211
131  291
131  451
131  771
132  133
132  134
132  135
132  137
132  152
132  212
132  292
132  452
132  772
133  134
133  135
133  138
133  153
133  213
133  293
133  453
133  773
134  135
134  139
134  154
134  214
134  294
134  454
134  774
135  140
135  155
135  215
135  295
135  455
135  775
136  137
136  138
136  139
136  140
136  156
136  216
136  296
136  456
136  776
137  138
137  139
137  140
137  157
137  217
137  297
137  457
137  777
138  139
138  140
138  158
138  218
138  298
138  458
138  778
139  140
139  159
139  219
139  299
139  459
139  779
140  160
140  220
140  300
140  460
140  780
141  142
141  143
141  144
141  145
141  146
141  151
141  156
141  221
141  301
141  461
141  781
142  143
142  144
142  145
142  147
142  152
142  157
142  222
142  302
142  462
142  782
143  144
143  145
143  148
143  153
143  158
143  223
143  303
143  463
143  783
144  145
144  149
144  154
144  159
144  224
144  304
144  464
144  784
145  150
145  155
145  160
145  225
145  305
145  465
145  785
146  147
146  148
146  149
146  150
146  151
146  156
146  226
146  306
146  466
146  786
147  148
147  149
147  150
147  152
147  157
147  227
147  307
147  467
147  787
148  149
148  150
148  153
148  158
148  228
148  308
148  468
148  788
149  150
149  154
149  159
149  229
149  309
149  469
149  789
150  155
150  160
150  230
150  310
150  470
150  790
151  152
151  153
151  154
151  155
151  156
151  231
151  311
151  471
151  791
152  153
152  154
152  155
152  157
152  232
152  312
152  472
152  792
153  154
153  155
153  158
153  233
153  313
153  473
153  793
154  155
154  159
154  234
154  314
154  474
154  794
155  160
155  235
155  315
155  475
155  795
156  157
156  158
156  159
156  160
156  236
156  316
156  476
156  796
157  158
157  159
157  160
157  237
157  317
157  477
157  797
158  159
158  160
158  238
158  318
158  478
158  798
159  160
159  239
159  319
159  479
159  799
160  240
160  320
160  480
160  800
161  162
161  163
161  164
161  165
161  166
161  171
161  176
161  181
161  201
161  221
161  241
161  481
161  801
162  163
162  164
162  165
162  167
162  172
162  177
162  182
162  202
162  222
162  242
162  482
162  802
163  164
163  165
163  168
163  173
163  178
163  183
163  203
163  223
163  243
163  483
163  803
164  165
164  169
164  174
164  179
164  184
164  204
164  224
164  244
164  484
164  804
165  170
165  175
165  180
165  185
165  205
165  225
165  245
165  485
165  805
166  167
166  168
166  169
166  170
166  171
166  176
166  186
166  206
166  226
166  246
166  486
166  806
167  168
167  169
167  170
167  172
167  177
167  187
167  207
167  227
167  247
167  487
167  807
168  169
168  170
168  173
168  178
168  188
168  208
168  228
168  248
168  488
168  808
169  170
169  174
169  179
169  189
169  209
169  229
169  249
169  489
169  809
170  175
170  180
170  190
170  210
170  230
170  250
170  490
170  810
171  172
171  173
171  174
171  175
171  176
171  191
171  211
171  231
171  251
171  491
171  811
172  173
172  174
172  175
172  177
172  192
172  212
172  232
172  252
172  492
172  812
173  174
173  175
173  178
173  193
173  213
173  233
173  253
173  493
173  813
174  175
174  179
174  194
174  214
174  234
174  254
174  494
174  814
175  180
175  195
175  215
175  235
175  255
175  495
175  815
176  177
176  178
176  179
176  180
176  196
176  216
176  236
176  256
176  496
176  816
177  178
177  179
177  180
177  197
177  217
177  237
177  257
177  497
177  817
178  179
178  180
178  198
178  218
178  238
178  258
178  498
178  818
179  180
179  199
179  219
179  239
179  259
179  499
179  819
180  200
180  220
180  240
180  260
180  500
180  820
181  182
181  183
181  184
181  185
181  186
181  191
181  196
181  201
181  221
181  261
181  501
181  821
182  183
182  184
182  185
182  187
182  192
182  197
182  202
182  222
182  262
182  502
182  822
183  184
183  185
183  188
183  193
183  198
183  203
183  223
183  263
183  503
183  823
184  185
184  189
184  194
184  199
184  204
184  224
184  264
184  504
184  824
185  190
185  195
185  200
185  205
185  225
185  265
185  505
185  825
186  187
186  188
186  189
186  190
186  191
186  196
186  206
186  226
186  266
186  506
186  826
187  188
187  189
187  190
187  192
187  197
187  207
187  227
187  267
187  507
187  827
188  189
188  190
188  193
188  198
188  208
188  228
188  268
188  508
188  828
189  190
189  194
189  199
189  209
189  229
189  269
189  509
189  829
190  195
190  200
190  210
190  230
190  270
190  510
190  830
191  192
191  193
191  194
191  195
191  196
191  211
191  231
191  271
191  511
191  831
192  193
192  194
192  195
192  197
192  212
192  232
192  272
192  512
192  832
193  194
193  195
193  198
193  213
193  233
193  273
193  513
193  833
194  195
194  199
194  214
194  234
194  274
194  514
194  834
195  200
195  215
195  235
195  275
195  515
195  835
196  197
196  198
196  199
196  200
196  216
196  236
196  276
196  516
196  836
197  198
197  199
197  200
197  217
197  237
197  277
197  517
197  837
198  199
198  200
198  218
198  238
198  278
198  518
198  838
199  200
199  219
199  239
199  279
199  519
199  839
200  220
200  240
200  280
200  520
200  840
201  202
201  203
201  204
201  205
201  206
201  211
201  216
201  221
201  281
201  521
201  841
202  203
202  204
202  205
202  207
202  212
202  217
202  222
202  282
202  522
202  842
203  204
203  205
203  208
203  213
203  218
203  223
203  283
203  523
203  843
204  205
204  209
204  214
204  219
204  224
204  284
204  524
204  844
205  210
205  215
205  220
205  225
205  285
205  525
205  845
206  207
206  208
206  209
206  210
206  211
206  216
206  226
206  286
206  526
206  846
207  208
207  209
207  210
207  212
207  217
207  227
207  287
207  527
207  847
208  209
208  210
208  213
208  218
208  228
208  288
208  528
208  848
209  210
209  214
209  219
209  229
209  289
209  529
209  849
210  215
210  220
210  230
210  290
210  530
210  850
211  212
211  213
211  214
211  215
211  216
211  231
211  291
211  531
211  851
212  213
212  214
212  215
212  217
212  232
212  292
212  532
212  852
213  214
213  215
213  218
213  233
213  293
213  533
213  853
214  215
214  219
214  234
214  294
214  534
214  854
215  220
215  235
215  295
215  535
215  855
216  217
216  218
216  219
216  220
216  236
216  296
216  536
216  856
217  218
217  219
217  220
217  237
217  297
217  537
217  857
218  219
218  220
218  238
218  298
218  538
218  858
219  220
219  239
219  299
219  539
219  859
220  240
220  300
220  540
220  860
221  222
221  223
221  224
221  225
221  226
221  231
221  236
221  301
221  541
221  861
222  223
222  224
222  225
222  227
222  232
222  237
222  302
222  542
222  862
223  224
223  225
223  228
223  233
223  238
223  303
223  543
223  863
224  225
224  229
224  234
224  239
224  304
224  544
224  864
225  230
225  235
225  240
225  305
225  545
225  865
226  227
226  228
226  229
226  230
226  231
226  236
226  306
226  546
226  866
227  228
227  229
227  230
227  232
227  237
227  307
227  547
227  867
228  229
228  230
228  233
228  238
228  308
228  548
228  868
229  230
229  234
229  239
229  309
229  549
229  869
230  235
230  240
230  310
230  550
230  870
231  232
231  233
231  234
231  235
231  236
231  311
231  551
231  871
232  233
232  234
232  235
232  237
232  312
232  552
232  872
233  234
233  235
233  238
233  313
233  553
233  873
234  235
234  239
234  314
234  554
234  874
235  240
235  315
235  555
235  875
236  237
236  238
236  239
236  240
236  316
236  556
236  876
237  238
237  239
237  240
237  317
237  557
237  877
238  239
238  240
238  318
238  558
238  878
239  240
239  319
239  559
239  879
240  320
240  560
240  880
241  242
241  243
241  244
241  245
241  246
241  251
241  256
241  261
241  281
241  301
241  561
241  881
242  243
242  244
242  245
242  247
242  252
242  257
242  262
242  282
242  302
242  562
242  882
243  244
243  245
243  248
243  253
243  258
243  263
243  283
243  303
243  563
243  883
244  245
244  249
244  254
244  259
244  264
244  284
244  304
244  564
244  884
245  250
245  255
245  260
245  265
245  285
245  305
245  565
245  885
246  247
246  248
246  249
246  250
246  251
246  256
246  266
246  286
246  306
246  566
246  886
247  248
247  249
247  250
247  252
247  257
247  267
247  287
247  307
247  567
247  887
248  249
248  250
248  253
248  258
248  268
248  288
248  308
248  568
248  888
249  250
249  254
249  259
249  269
249  289
249  309
249  569
249  889
250  255
250  260
250  270
250  290
250  310
250  570
250  890
251  252
251  253
251  254
251  255
251  256
251  271
251  291
251  311
251  571
251  891
252  253
252  254
252  255
252  257
252  272
252  292
252  312
252  572
252  892
253  254
253  255
253  258
253  273
253  293
253  313
253  573
253  893
254  255
254  259
254  274
254  294
254  314
254  574
254  894
255  260
255  275
255  295
255  315
255  575
255  895
256  257
256  258
256  259
256  260
256  276
256  296
256  316
256  576
256  896
257  258
257  259
257  260
257  277
257  297
257  317
257  577
257  897
258  259
258  260
258  278
258  298
258  318
258  578
258  898
259  260
259  279
259  299
259  319
259  579
259  899
260  280
260  300
260  320
260  580
260  900
261  262
261  263
261  264
261  265
261  266
261  271
261  276
261  281
261  301
261  581
261  901
262  263
262  264
262  265
262  267
262  272
262  277
262  282
262  302
262  582
262  902
263  264
263  265
263  268
263  273
263  278
263  283
263  303
263  583
263  903
264  265
264  269
264  274
264  279
264  284
264  304
264  584
264  904
265  270
265  275
265  280
265  285
265  305
265  585
265  905
266  267
266  268
266  269
266  270
266  271
266  276
266  286
266  306
266  586
266  906
267  268
267  269
267  270
267  272
267  277
267  287
267  307
267  587
267  907
268  269
268  270
268  273
268  278
268  288
268  308
268  588
268  908
269  270
269  274
269  279
269  289
269  309
269  589
269  909
270  275
270  280
270  290
270  310
270  590
270  910
271  272
271  273
271  274
271  275
271  276
271  291
271  311
271  591
271  911
272  273
272  274
272  275
272  277
272  292
272  312
272  592
272  912
273  274
273  275
273  278
273  293
273  313
273  593
273  913
274  275
274  279
274  294
274  314
274  594
274  914
275  280
275  295
275  315
275  595
275  915
276  277
276  278
276  279
276  280
276  296
276  316
276  596
276  916
277  278
277  279
277  280
277  297
277  317
277  597
277  917
278  279
278  280
278  298
278  318
278  598
278  918
279  280
279  299
279  319
279  599
279  919
280  300
280  320
280  600
280  920
281  282
281  283
281  284
281  285
281  286
281  291
281  296
281  301
281  601
281  921
282  283
282  284
282  285
282  287
282  292
282  297
282  302
282  602
282  922
283  284
283  285
283  288
283  293
283  298
283  303
283  603
283  923
284  285
284  289
284  294
284  299
284  304
284  604
284  924
285  290
285  295
285  300
285  305
285  605
285  925
286  287
286  288
286  289
286  290
286  291
286  296
286  306
286  606
286  926
287  288
287  289
287  290
287  292
287  297
287  307
287  607
287  927
288  289
288  290
288  293
288  298
288  308
288  608
288  928
289  290
289  294
289  299
289  309
289  609
289  929
290  295
290  300
290  310
290  610
290  930
291  292
291  293
291  294
291  295
291  296
291  311
291  611
291  931
292  293
292  294
292  295
292  297
292  312
292  612
292  932
293  294
293  295
293  298
293  313
293  613
293  933
294  295
294  299
294  314
294  614
294  934
295  300
295  315
295  615
295  935
296  297
296  298
296  299
296  300
296  316
296  616
296  936
297  298
297  299
297  300
297  317
297  617
297  937
298  299
298  300
298  318
298  618
298  938
299  300
299  319
299  619
299  939
300  320
300  620
300  940
301  302
301  303
301  304
301  305
301  306
301  311
301  316
301  621
301  941
302  303
302  304
302  305
302  307
302  312
302  317
302  622
302  942
303  304
303  305
303  308
303  313
303  318
303  623
303  943
304  305
304  309
304  314
304  319
304  624
304  944
305  310
305  315
305  320
305  625
305  945
306  307
306  308
306  309
306  310
306  311
306  316
306  626
306  946
307  308
307  309
307  310
307  312
307  317
307  627
307  947
308  309
308  310
308  313
308  318
308  628
308  948
309  310
309  314
309  319
309  629
309  949
310  315
310  320
310  630
310  950
311  312
311  313
311  314
311  315
311  316
311  631
311  951
312  313
312  314
312  315
312  317
312  632
312  952
313  314
313  315
313  318
313  633
313  953
314  315
314  319
314  634
314  954
315  320
315  635
315  955
316  317
316  318
316  319
316  320
316  636
316  956
317  318
317  319
317  320
317  637
317  957
318  319
318  320
318  638
318  958
319  320
319  639
319  959
320  640
320  960
321  322
321  323
321  324
321  325
321  326
321  331
321  336
321  341
321  361
321  381
321  401
321  481
321  561
321  641
322  323
322  324
322  325
322  327
322  332
322  337
322  342
322  362
322  382
322  402
322  482
322  562
322  642
323  324
323  325
323  328
323  333
323  338
323  343
323  363
323  383
323  403
323  483
323  563
323  643
324  325
324  329
324  334
324  339
324  344
324  364
324  384
324  404
324  484
324  564
324  644
325  330
325  335
325  340
325  345
325  365
325  385
325  405
325  485
325  565
325  645
326  327
326  328
326  329
326  330
326  331
326  336
326  346
326  366
326  386
326  406
326  486
326  566
326  646
327  328
327  329
327  330
327  332
327  337
327  347
327  367
327  387
327  407
327  487
327  567
327  647
328  329
328  330
328  333
328  338
328  348
328  368
328  388
328  408
328  488
328  568
328  648
329  330
329  334
329  339
329  349
329  369
329  389
329  409
329  489
329  569
329  649
330  335
330  340
330  350
330  370
330  390
330  410
330  490
330  570
330  650
331  332
331  333
331  334
331  335
331  336
331  351
331  371
331  391
331  411
331  491
331  571
331  651
332  333
332  334
332  335
332  337
332  352
332  372
332  392
332  412
332  492
332  572
332  652
333  334
333  335
333  338
333  353
333  373
333  393
333  413
333  493
333  573
333  653
334  335
334  339
334  354
334  374
334  394
334  414
334  494
334  574
334  654
335  340
335  355
335  375
335  395
335  415
335  495
335  575
335  655
336  337
336  338
336  339
336  340
336  356
336  376
336  396
336  416
336  496
336  576
336  656
337  338
337  339
337  340
337  357
337  377
337  397
337  417
337  497
337  577
337  657
338  339
338  340
338  358
338  378
338  398
338  418
338  498
338  578
338  658
339  340
339  359
339  379
339  399
339  419
339  499
339  579
339  659
340  360
340  380
340  400
340  420
340  500
340  580
340  660
341  342
341  343
341  344
341  345
341  346
341  351
341  356
341  361
341  381
341  421
341  501
341  581
341  661
342  343
342  344
342  345
342  347
342  352
342  357
342  362
342  382
342  422
342  502
342  582
342  662
343  344
343  345
343  348
343  353
343  358
343  363
343  383
343  423
343  503
343  583
343  663
344  345
344  349
344  354
344  359
344  364
344  384
344  424
344  504
344  584
344  664
345  350
345  355
345  360
345  365
345  385
345  425
345  505
345  585
345  665
346  347
346  348
346  349
346  350
346  351
346  356
346  366
346  386
346  426
346  506
346  586
346  666
347  348
347  349
347  350
347  352
347  357
347  367
347  387
347  427
347  507
347  587
347  667
348  349
348  350
348  353
348  358
348  368
348  388
348  428
348  508
348  588
348  668
349  350
349  354
349  359
349  369
349  389
349  429
349  509
349  589
349  669
350  355
350  360
350  370
350  390
350  430
350  510
350  590
350  670
351  352
351  353
351  354
351  355
351  356
351  371
351  391
351  431
351  511
351  591
351  671
352  353
352  354
352  355
352  357
352  372
352  392
352  432
352  512
352  592
352  672
353  354
353  355
353  358
353  373
353  393
353  433
353  513
353  593
353  673
354  355
354  359
354  374
354  394
354  434
354  514
354  594
354  674
355  360
355  375
355  395
355  435
355  515
355  595
355  675
356  357
356  358
356  359
356  360
356  376
356  396
356  436
356  516
356  596
356  676
357  358
357  359
357  360
357  377
357  397
357  437
357  517
357  597
357  677
358  359
358  360
358  378
358  398
358  438
358  518
358  598
358  678
359  360
359  379
359  399
359  439
359  519
359  599
359  679
360  380
360  400
360  440
360  520
360  600
360  680
361  362
361  363
361  364
361  365
361  366
361  371
361  376
361  381
361  441
361  521
361  601
361  681
362  363
362  364
362  365
362  367
362  372
362  377
362  382
362  442
362  522
362  602
362  682
363  364
363  365
363  368
363  373
363  378
363  383
363  443
363  523
363  603
363  683
364  365
364  369
364  374
364  379
364  384
364  444
364  524
364  604
364  684
365  370
365  375
365  380
365  385
365  445
365  525
365  605
365  685
366  367
366  368
366  369
366  370
366  371
366  376
366  386
366  446
366  526
366  606
366  686
367  368
367  369
367  370
367  372
367  377
367  387
367  447
367  527
367  607
367  687
368  369
368  370
368  373
368  378
368  388
368  448
368  528
368  608
368  688
369  370
369  374
369  379
369  389
369  449
369  529
369  609
369  689
370  375
370  380
370  390
370  450
370  530
370  610
370  690
371  372
371  373
371  374
371  375
371  376
371  391
371  451
371  531
371  611
371  691
372  373
372  374
372  375
372  377
372  392
372  452
372  532
372  612
372  692
373  374
373  375
373  378
373  393
373  453
373  533
373  613
373  693
374  375
374  379
374  394
374  454
374  534
374  614
374  694
375  380
375  395
375  455
375  535
375  615
375  695
376  377
376  378
376  379
376  380
376  396
376  456
376  536
376  616
376  696
377  378
377  379
377  380
377  397
377  457
377  537
377  617
377  697
378  379
378  380
378  398
378  458
378  538
378  618
378  698
379  380
379  399
379  459
379  539
379  619
379  699
380  400
380  460
380  540
380  620
380  700
381  382
381  383
381  384
381  385
381  386
381  391
381  396
381  461
381  541
381  621
381  701
382  383
382  384
382  385
382  387
382  392
382  397
382  462
382  542
382  622
382  702
383  384
383  385
383  388
383  393
383  398
383  463
383  543
383  623
383  703
384  385
384  389
384  394
384  399
384  464
384  544
384  624
384  704
385  390
385  395
385  400
385  465
385  545
385  625
385  705
386  387
386  388
386  389
386  390
386  391
386  396
386  466
386  546
386  626
386  706
387  388
387  389
387  390
387  392
387  397
387  467
387  547
387  627
387  707
388  389
388  390
388  393
388  398
388  468
388  548
388  628
388  708
389  390
389  394
389  399
389  469
389  549
389  629
389  709
390  395
390  400
390  470
390  550
390  630
390  710
391  392
391  393
391  394
391  395
391  396
391  471
391  551
391  631
391  711
392  393
392  394
392  395
392  397
392  472
392  552
392  632
392  712
393  394
393  395
393  398
393  473
393  553
393  633
393  713
394  395
394  399
394  474
394  554
394  634
394  714
395  400
395  475
395  555
395  635
395  715
396  397
396  398
396  399
396  400
396  476
396  556
396  636
396  716
397  398
397  399
397  400
397  477
397  557
397  637
397  717
398  399
398  400
398  478
398  558
398  638
398  718
399  400
399  479
399  559
399  639
399  719
400  480
400  560
400  640
400  720
401  402
401  403
401  404
401  405
401  406
401  411
401  416
401  421
401  441
401  461
401  481
401  561
401  721
402  403
402  404
402  405
402  407
402  412
402  417
402  422
402  442
402  462
402  482
402  562
402  722
403  404
403  405
403  408
403  413
403  418
403  423
403  443
403  463
403  483
403  563
403  723
404  405
404  409
404  414
404  419
404  424
404  444
404  464
404  484
404  564
404  724
405  410
405  415
405  420
405  425
405  445
405  465
405  485
405  565
405  725
406  407
406  408
406  409
406  410
406  411
406  416
406  426
406  446
406  466
406  486
406  566
406  726
407  408
407  409
407  410
407  412
407  417
407  427
407  447
407  467
407  487
407  567
407  727
408  409
408  410
408  413
408  418
408  428
408  448
408  468
408  488
408  568
408  728
409  410
409  414
409  419
409  429
409  449
409  469
409  489
409  569
409  729
410  415
410  420
410  430
410  450
410  470
410  490
410  570
410  730
411  412
411  413
411  414
411  415
411  416
411  431
411  451
411  471
411  491
411  571
411  731
412  413
412  414
412  415
412  417
412  432
412  452
412  472
412  492
412  572
412  732
413  414
413  415
413  418
413  433
413  453
413  473
413  493
413  573
413  733
414  415
414  419
414  434
414  454
414  474
414  494
414  574
414  734
415  420
415  435
415  455
415  475
415  495
415  575
415  735
416  417
416  418
416  419
416  420
416  436
416  456
416  476
416  496
416  576
416  736
417  418
417  419
417  420
417  437
417  457
417  477
417  497
417  577
417  737
418  419
418  420
418  438
418  458
418  478
418  498
418  578
418  738
419  420
419  439
419  459
419  479
419  499
419  579
419  739
420  440
420  460
420  480
420  500
420  580
420  740
421  422
421  423
421  424
421  425
421  426
421  431
421  436
421  441
421  461
421  501
421  581
421  741
422  423
422  424
422  425
422  427
422  432
422  437
422  442
422  462
422  502
422  582
422  742
423  424
423  425
423  428
423  433
423  438
423  443
423  463
423  503
423  583
423  743
424  425
424  429
424  434
424  439
424  444
424  464
424  504
424  584
424  744
425  430
425  435
425  440
425  445
425  465
425  505
425  585
425  745
426  427
426  428
426  429
426  430
426  431
426  436
426  446
426  466
426  506
426  586
426  746
427  428
427  429
427  430
427  432
427  437
427  447
427  467
427  507
427  587
427  747
428  429
428  430
428  433
428  438
428  448
428  468
428  508
428  588
428  748
429  430
429  434
429  439
429  449
429  469
429  509
429  589
429  749
430  435
430  440
430  450
430  470
430  510
430  590
430  750
431  432
431  433
431  434
431  435
431  436
431  451
431  471
431  511
431  591
431  751
432  433
432  434
432  435
432  437
432  452
432  472
432  512
432  592
432  752
433  434
433  435
433  438
433  453
433  473
433  513
433  593
433  753
434  435
434  439
434  454
434  474
434  514
434  594
434  754
435  440
435  455
435  475
435  515
435  595
435  755
436  437
436  438
436  439
436  440
436  456
436  476
436  516
436  596
436  756
437  438
437  439
437  440
437  457
437  477
437  517
437  597
437  757
438  439
438  440
438  458
438  478
438  518
438  598
438  758
439  440
439  459
439  479
439  519
439  599
439  759
440  460
440  480
440  520
440  600
440  760
441  442
441  443
441  444
441  445
441  446
441  451
441  456
441  461
441  521
441  601
441  761
442  443
442  444
442  445
442  447
442  452
442  457
442  462
442  522
442  602
442  762
443  444
443  445
443  448
443  453
443  458
443  463
443  523
443  603
443  763
444  445
444  449
444  454
444  459
444  464
444  524
444  604
444  764
445  450
445  455
445  460
445  465
445  525
445  605
445  765
446  447
446  448
446  449
446  450
446  451
446  456
446  466
446  526
446  606
446  766
447  448
447  449
447  450
447  452
447  457
447  467
447  527
447  607
447  767
448  449
448  450
448  453
448  458
448  468
448  528
448  608
448  768
449  450
449  454
449  459
449  469
449  529
449  609
449  769
450  455
450  460
450  470
450  530
450  610
450  770
451  452
451  453
451  454
451  455
451  456
451  471
451  531
451  611
451  771
452  453
452  454
452  455
452  457
452  472
452  532
452  612
452  772
453  454
453  455
453  458
453  473
453  533
453  613
453  773
454  455
454  459
454  474
454  534
454  614
454  774
455  460
455  475
455  535
455  615
455  775
456  457
456  458
456  459
456  460
456  476
456  536
456  616
456  776
457  458
457  459
457  460
457  477
457  537
457  617
457  777
458  459
458  460
458  478
458  538
458  618
458  778
459  460
459  479
459  539
459  619
459  779
460  480
460  540
460  620
460  780
461  462
461  463
461  464
461  465
461  466
461  471
461  476
461  541
461  621
461  781
462  463
462  464
462  465
462  467
462  472
462  477
462  542
462  622
462  782
463  464
463  465
463  468
463  473
463  478
463  543
463  623
463  783
464  465
464  469
464  474
464  479
464  544
464  624
464  784
465  470
465  475
465  480
465  545
465  625
465  785
466  467
466  468
466  469
466  470
466  471
466  476
466  546
466  626
466  786
467  468
467  469
467  470
467  472
467  477
467  547
467  627
467  787
468  469
468  470
468  473
468  478
468  548
468  628
468  788
469  470
469  474
469  479
469  549
469  629
469  789
470  475
470  480
470  550
470  630
470  790
471  472
471  473
471  474
471  475
471  476
471  551
471  631
471  791
472  473
472  474
472  475
472  477
472  552
472  632
472  792
473  474
473  475
473  478
473  553
473  633
473  793
474  475
474  479
474  554
474  634
474  794
475  480
475  555
475  635
475  795
476  477
476  478
476  479
476  480
476  556
476  636
476  796
477  478
477  479
477  480
477  557
477  637
477  797
478  479
478  480
478  558
478  638
478  798
479  480
479  559
479  639
479  799
480  560
480  640
480  800
481  482
481  483
481  484
481  485
481  486
481  491
481  496
481  501
481  521
481  541
481  561
481  801
482  483
482  484
482  485
482  487
482  492
482  497
482  502
482  522
482  542
482  562
482  802
483  484
483  485
483  488
483  493
483  498
483  503
483  523
483  543
483  563
483  803
484  485
484  489
484  494
484  499
484  504
484  524
484  544
484  564
484  804
485  490
485  495
485  500
485  505
485  525
485  545
485  565
485  805
486  487
486  488
486  489
486  490
486  491
486  496
486  506
486  526
486  546
486  566
486  806
487  488
487  489
487  490
487  492
487  497
487  507
487  527
487  547
487  567
487  807
488  489
488  490
488  493
488  498
488  508
488  528
488  548
488  568
488  808
489  490
489  494
489  499
489  509
489  529
489  549
489  569
489  809
490  495
490  500
490  510
490  530
490  550
490  570
490  810
491  492
491  493
491  494
491  495
491  496
491  511
491  531
491  551
491  571
491  811
492  493
492  494
492  495
492  497
492  512
492  532
492  552
492  572
492  812
493  494
493  495
493  498
493  513
493  533
493  553
493  573
493  813
494  495
494  499
494  514
494  534
494  554
494  574
494  814
495  500
495  515
495  535
495  555
495  575
495  815
496  497
496  498
496  499
496  500
496  516
496  536
496  556
496  576
496  816
497  498
497  499
497  500
497  517
497  537
497  557
497  577
497  817
498  499
498  500
498  518
498  538
498  558
498  578
498  818
499  500
499  519
499  539
499  559
499  579
499  819
500  520
500  540
500  560
500  580
500  820
501  502
501  503
501  504
501  505
501  506
501  511
501  516
501  521
501  541
501  581
501  821
502  503
502  504
502  505
502  507
502  512
502  517
502  522
502  542
502  582
502  822
503  504
503  505
503  508
503  513
503  518
503  523
503  543
503  583
503  823
504  505
504  509
504  514
504  519
504  524
504  544
504  584
504  824
505  510
505  515
505  520
505  525
505  545
505  585
505  825
506  507
506  508
506  509
506  510
506  511
506  516
506  526
506  546
506  586
506  826
507  508
507  509
507  510
507  512
507  517
507  527
507  547
507  587
507  827
508  509
508  510
508  513
508  518
508  528
508  548
508  588
508  828
509  510
509  514
509  519
509  529
509  549
509  589
509  829
510  515
510  520
510  530
510  550
510  590
510  830
511  512
511  513
511  514
511  515
511  516
511  531
511  551
511  591
511  831
512  513
512  514
512  515
512  517
512  532
512  552
512  592
512  832
513  514
513  515
513  518
513  533
513  553
513  593
513  833
514  515
514  519
514  534
514  554
514  594
514  834
515  520
515  535
515  555
515  595
515  835
516  517
516  518
516  519
516  520
516  536
516  556
516  596
516  836
517  518
517  519
517  520
517  537
517  557
517  597
517  837
518  519
518  520
518  538
518  558
518  598
518  838
519  520
519  539
519  559
519  599
519  839
520  540
520  560
520  600
520  840
521  522
521  523
521  524
521  525
521  526
521  531
521  536
521  541
521  601
521  841
522  523
522  524
522  525
522  527
522  532
522  537
522  542
522  602
522  842
523  524
523  525
523  528
523  533
523  538
523  543
523  603
523  843
524  525
524  529
524  534
524  539
524  544
524  604
524  844
525  530
525  535
525  540
525  545
525  605
525  845
526  527
526  528
526  529
526  530
526  531
526  536
526  546
526  606
526  846
527  528
527  529
527  530
527  532
527  537
527  547
527  607
527  847
528  529
528  530
528  533
528  538
528  548
528  608
528  848
529  530
529  534
529  539
529  549
529  609
529  849
530  535
530  540
530  550
530  610
530  850
531  532
531  533
531  534
531  535
531  536
531  551
531  611
531  851
532  533
532  534
532  535
532  537
532  552
532  612
532  852
533  534
533  535
533  538
533  553
533  613
533  853
534  535
534  539
534  554
534  614
534  854
535  540
535  555
535  615
535  855
536  537
536  538
536  539
536  540
536  556
536  616
536  856
537  538
537  539
537  540
537  557
537  617
537  857
538  539
538  540
538  558
538  618
538  858
539  540
539  559
539  619
539  859
540  560
540  620
540  860
541  542
541  543
541  544
541  545
541  546
541  551
541  556
541  621
541  861
542  543
542  544
542  545
542  547
542  552
542  557
542  622
542  862
543  544
543  545
543  548
543  553
543  558
543  623
543  863
544  545
544  549
544  554
544  559
544  624
544  864
545  550
545  555
545  560
545  625
545  865
546  547
546  548
546  549
546  550
546  551
546  556
546  626
546  866
547  548
547  549
547  550
547  552
547  557
547  627
547  867
548  549
548  550
548  553
548  558
548  628
548  868
549  550
549  554
549  559
549  629
549  869
550  555
550  560
550  630
550  870
551  552
551  553
551  554
551  555
551  556
551  631
551  871
552  553
552  554
552  555
552  557
552  632
552  872
553  554
553  555
553  558
553  633
553  873
554  555
554  559
554  634
554  874
555  560
555  635
555  875
556  557
556  558
556  559
556  560
556  636
556  876
557  558
557  559
557  560
557  637
557  877
558  559
558  560
558  638
558  878
559  560
559  639
559  879
560  640
560  880
561  562
561  563
561  564
561  565
561  566
561  571
561  576
561  581
561  601
561  621
561  881
562  563
562  564
562  565
562  567
562  572
562  577
562  582
562  602
562  622
562  882
563  564
563  565
563  568
563  573
563  578
563  583
563  603
563  623
563  883
564  565
564  569
564  574
564  579
564  584
564  604
564  624
564  884
565  570
565  575
565  580
565  585
565  605
565  625
565  885
566  567
566  568
566  569
566  570
566  571
566  576
566  586
566  606
566  626
566  886
567  568
567  569
567  570
567  572
567  577
567  587
567  607
567  627
567  887
568  569
568  570
568  573
568  578
568  588
568  608
568  628
568  888
569  570
569  574
569  579
569  589
569  609
569  629
569  889
570  575
570  580
570  590
570  610
570  630
570  890
571  572
571  573
571  574
571  575
571  576
571  591
571  611
571  631
571  891
572  573
572  574
572  575
572  577
572  592
572  612
572  632
572  892
573  574
573  575
573  578
573  593
573  613
573  633
573  893
574  575
574  579
574  594
574  614
574  634
574  894
575  580
575  595
575  615
575  635
575  895
576  577
576  578
576  579
576  580
576  596
576  616
576  636
576  896
577  578
577  579
577  580
577  597
577  617
577  637
577  897
578  579
578  580
578  598
578  618
578  638
578  898
579  580
579  599
579  619
579  639
579  899
580  600
580  620
580  640
580  900
581  582
581  583
581  584
581  585
581  586
581  591
581  596
581  601
581  621
581  901
582  583
582  584
582  585
582  587
582  592
582  597
582  602
582  622
582  902
583  584
583  585
583  588
583  593
583  598
583  603
583  623
583  903
584  585
584  589
584  594
584  599
584  604
584  624
584  904
585  590
585  595
585  600
585  605
585  625
585  905
586  587
586  588
586  589
586  590
586  591
586  596
586  606
586  626
586  906
587  588
587  589
587  590
587  592
587  597
587  607
587  627
587  907
588  589
588  590
588  593
588  598
588  608
588  628
588  908
589  590
589  594
589  599
589  609
589  629
589  909
590  595
590  600
590  610
590  630
590  910
591  592
591  593
591  594
591  595
591  596
591  611
591  631
591  911
592  593
592  594
592  595
592  597
592  612
592  632
592  912
593  594
593  595
593  598
593  613
593  633
593  913
594  595
594  599
594  614
594  634
594  914
595  600
595  615
595  635
595  915
596  597
596  598
596  599
596  600
596  616
596  636
596  916
597  598
597  599
597  600
597  617
597  637
597  917
598  599
598  600
598  618
598  638
598  918
599  600
599  619
599  639
599  919
600  620
600  640
600  920
601  602
601  603
601  604
601  605
601  606
601  611
601  616
601  621
601  921
602  603
602  604
602  605
602  607
602  612
602  617
602  622
602  922
603  604
603  605
603  608
603  613
603  618
603  623
603  923
604  605
604  609
604  614
604  619
604  624
604  924
605  610
605  615
605  620
605  625
605  925
606  607
606  608
606  609
606  610
606  611
606  616
606  626
606  926
607  608
607  609
607  610
607  612
607  617
607  627
607  927
608  609
608  610
608  613
608  618
608  628
608  928
609  610
609  614
609  619
609  629
609  929
610  615
610  620
610  630
610  930
611  612
611  613
611  614
611  615
611  616
611  631
611  931
612  613
612  614
612  615
612  617
612  632
612  932
613  614
613  615
613  618
613  633
613  933
614  615
614  619
614  634
614  934
615  620
615  635
615  935
616  617
616  618
616  619
616  620
616  636
616  936
617  618
617  619
617  620
617  637
617  937
618  619
618  620
618  638
618  938
619  620
619  639
619  939
620  640
620  940
621  622
621  623
621  624
621  625
621  626
621  631
621  636
621  941
622  623
622  624
622  625
622  627
622  632
622  637
622  942
623  624
623  625
623  628
623  633
623  638
623  943
624  625
624  629
624  634
624  639
624  944
625  630
625  635
625  640
625  945
626  627
626  628
626  629
626  630
626  631
626  636
626  946
627  628
627  629
627  630
627  632
627  637
627  947
628  629
628  630
628  633
628  638
628  948
629  630
629  634
629  639
629  949
630  635
630  640
630  950
631  632
631  633
631  634
631  635
631  636
631  951
632  633
632  634
632  635
632  637
632  952
633  634
633  635
633  638
633  953
634  635
634  639
634  954
635  640
635  955
636  637
636  638
636  639
636  640
636  956
637  638
637  639
637  640
637  957
638  639
638  640
638  958
639  640
639  959
640  960
641  642
641  643
641  644
641  645
641  646
641  651
641  656
641  661
641  681
641  701
641  721
641  801
641  881
642  643
642  644
642  645
642  647
642  652
642  657
642  662
642  682
642  702
642  722
642  802
642  882
643  644
643  645
643  648
643  653
643  658
643  663
643  683
643  703
643  723
643  803
643  883
644  645
644  649
644  654
644  659
644  664
644  684
644  704
644  724
644  804
644  884
645  650
645  655
645  660
645  665
645  685
645  705
645  725
645  805
645  885
646  647
646  648
646  649
646  650
646  651
646  656
646  666
646  686
646  706
646  726
646  806
646  886
647  648
647  649
647  650
647  652
647  657
647  667
647  687
647  707
647  727
647  807
647  887
648  649
648  650
648  653
648  658
648  668
648  688
648  708
648  728
648  808
648  888
649  650
649  654
649  659
649  669
649  689
649  709
649  729
649  809
649  889
650  655
650  660
650  670
650  690
650  710
650  730
650  810
650  890
651  652
651  653
651  654
651  655
651  656
651  671
651  691
651  711
651  731
651  811
651  891
652  653
652  654
652  655
652  657
652  672
652  692
652  712
652  732
652  812
652  892
653  654
653  655
653  658
653  673
653  693
653  713
653  733
653  813
653  893
654  655
654  659
654  674
654  694
654  714
654  734
654  814
654  894
655  660
655  675
655  695
655  715
655  735
655  815
655  895
656  657
656  658
656  659
656  660
656  676
656  696
656  716
656  736
656  816
656  896
657  658
657  659
657  660
657  677
657  697
657  717
657  737
657  817
657  897
658  659
658  660
658  678
658  698
658  718
658  738
658  818
658  898
659  660
659  679
659  699
659  719
659  739
659  819
659  899
660  680
660  700
660  720
660  740
660  820
660  900
661  662
661  663
661  664
661  665
661  666
661  671
661  676
661  681
661  701
661  741
661  821
661  901
662  663
662  664
662  665
662  667
662  672
662  677
662  682
662  702
662  742
662  822
662  902
663  664
663  665
663  668
663  673
663  678
663  683
663  703
663  743
663  823
663  903
664  665
664  669
664  674
664  679
664  684
664  704
664  744
664  824
664  904
665  670
665  675
665  680
665  685
665  705
665  745
665  825
665  905
666  667
666  668
666  669
666  670
666  671
666  676
666  686
666  706
666  746
666  826
666  906
667  668
667  669
667  670
667  672
667  677
667  687
667  707
667  747
667  827
667  907
668  669
668  670
668  673
668  678
668  688
668  708
668  748
668  828
668  908
669  670
669  674
669  679
669  689
669  709
669  749
669  829
669  909
670  675
670  680
670  690
670  710
670  750
670  830
670  910
671  672
671  673
671  674
671  675
671  676
671  691
671  711
671  751
671  831
671  911
672  673
672  674
672  675
672  677
672  692
672  712
672  752
672  832
672  912
673  674
673  675
673  678
673  693
673  713
673  753
673  833
673  913
674  675
674  679
674  694
674  714
674  754
674  834
674  914
675  680
675  695
675  715
675  755
675  835
675  915
676  677
676  678
676  679
676  680
676  696
676  716
676  756
676  836
676  916
677  678
677  679
677  680
677  697
677  717
677  757
677  837
677  917
678  679
678  680
678  698
678  718
678  758
678  838
678  918
679  680
679  699
679  719
679  759
679  839
679  919
680  700
680  720
680  760
680  840
680  920
681  682
681  683
681  684
681  685
681  686
681  691
681  696
681  701
681  761
681  841
681  921
682  683
682  684
682  685
682  687
682  692
682  697
682  702
682  762
682  842
682  922
683  684
683  685
683  688
683  693
683  698
683  703
683  763
683  843
683  923
684  685
684  689
684  694
684  699
684  704
684  764
684  844
684  924
685  690
685  695
685  700
685  705
685  765
685  845
685  925
686  687
686  688
686  689
686  690
686  691
686  696
686  706
686  766
686  846
686  926
687  688
687  689
687  690
687  692
687  697
687  707
687  767
687  847
687  927
688  689
688  690
688  693
688  698
688  708
688  768
688  848
688  928
689  690
689  694
689  699
689  709
689  769
689  849
689  929
690  695
690  700
690  710
690  770
690  850
690  930
691  692
691  693
691  694
691  695
691  696
691  711
691  771
691  851
691  931
692  693
692  694
692  695
692  697
692  712
692  772
692  852
692  932
693  694
693  695
693  698
693  713
693  773
693  853
693  933
694  695
694  699
694  714
694  774
694  854
694  934
695  700
695  715
695  775
695  855
695  935
696  697
696  698
696  699
696  700
696  716
696  776
696  856
696  936
697  698
697  699
697  700
697  717
697  777
697  857
697  937
698  699
698  700
698  718
698  778
698  858
698  938
699  700
699  719
699  779
699  859
699  939
700  720
700  780
700  860
700  940
701  702
701  703
701  704
701  705
701  706
701  711
701  716
701  781
701  861
701  941
702  703
702  704
702  705
702  707
702  712
702  717
702  782
702  862
702  942
703  704
703  705
703  708
703  713
703  718
703  783
703  863
703  943
704  705
704  709
704  714
704  719
704  784
704  864
704  944
705  710
705  715
705  720
705  785
705  865
705  945
706  707
706  708
706  709
706  710
706  711
706  716
706  786
706  866
706  946
707  708
707  709
707  710
707  712
707  717
707  787
707  867
707  947
708  709
708  710
708  713
708  718
708  788
708  868
708  948
709  710
709  714
709  719
709  789
709  869
709  949
710  715
710  720
710  790
710  870
710  950
711  712
711  713
711  714
711  715
711  716
711  791
711  871
711  951
712  713
712  714
712  715
712  717
712  792
712  872
712  952
713  714
713  715
713  718
713  793
713  873
713  953
714  715
714  719
714  794
714  874
714  954
715  720
715  795
715  875
715  955
716  717
716  718
716  719
716  720
716  796
716  876
716  956
717  718
717  719
717  720
717  797
717  877
717  957
718  719
718  720
718  798
718  878
718  958
719  720
719  799
719  879
719  959
720  800
720  880
720  960
721  722
721  723
721  724
721  725
721  726
721  731
721  736
721  741
721  761
721  781
721  801
721  881
722  723
722  724
722  725
722  727
722  732
722  737
722  742
722  762
722  782
722  802
722  882
723  724
723  725
723  728
723  733
723  738
723  743
723  763
723  783
723  803
723  883
724  725
724  729
724  734
724  739
724  744
724  764
724  784
724  804
724  884
725  730
725  735
725  740
725  745
725  765
725  785
725  805
725  885
726  727
726  728
726  729
726  730
726  731
726  736
726  746
726  766
726  786
726  806
726  886
727  728
727  729
727  730
727  732
727  737
727  747
727  767
727  787
727  807
727  887
728  729
728  730
728  733
728  738
728  748
728  768
728  788
728  808
728  888
729  730
729  734
729  739
729  749
729  769
729  789
729  809
729  889
730  735
730  740
730  750
730  770
730  790
730  810
730  890
731  732
731  733
731  734
731  735
731  736
731  751
731  771
731  791
731  811
731  891
732  733
732  734
732  735
732  737
732  752
732  772
732  792
732  812
732  892
733  734
733  735
733  738
733  753
733  773
733  793
733  813
733  893
734  735
734  739
734  754
734  774
734  794
734  814
734  894
735  740
735  755
735  775
735  795
735  815
735  895
736  737
736  738
736  739
736  740
736  756
736  776
736  796
736  816
736  896
737  738
737  739
737  740
737  757
737  777
737  797
737  817
737  897
738  739
738  740
738  758
738  778
738  798
738  818
738  898
739  740
739  759
739  779
739  799
739  819
739  899
740  760
740  780
740  800
740  820
740  900
741  742
741  743
741  744
741  745
741  746
741  751
741  756
741  761
741  781
741  821
741  901
742  743
742  744
742  745
742  747
742  752
742  757
742  762
742  782
742  822
742  902
743  744
743  745
743  748
743  753
743  758
743  763
743  783
743  823
743  903
744  745
744  749
744  754
744  759
744  764
744  784
744  824
744  904
745  750
745  755
745  760
745  765
745  785
745  825
745  905
746  747
746  748
746  749
746  750
746  751
746  756
746  766
746  786
746  826
746  906
747  748
747  749
747  750
747  752
747  757
747  767
747  787
747  827
747  907
748  749
748  750
748  753
748  758
748  768
748  788
748  828
748  908
749  750
749  754
749  759
749  769
749  789
749  829
749  909
750  755
750  760
750  770
750  790
750  830
750  910
751  752
751  753
751  754
751  755
751  756
751  771
751  791
751  831
751  911
752  753
752  754
752  755
752  757
752  772
752  792
752  832
752  912
753  754
753  755
753  758
753  773
753  793
753  833
753  913
754  755
754  759
754  774
754  794
754  834
754  914
755  760
755  775
755  795
755  835
755  915
756  757
756  758
756  759
756  760
756  776
756  796
756  836
756  916
757  758
757  759
757  760
757  777
757  797
757  837
757  917
758  759
758  760
758  778
758  798
758  838
758  918
759  760
759  779
759  799
759  839
759  919
760  780
760  800
760  840
760  920
761  762
761  763
761  764
761  765
761  766
761  771
761  776
761  781
761  841
761  921
762  763
762  764
762  765
762  767
762  772
762  777
762  782
762  842
762  922
763  764
763  765
763  768
763  773
763  778
763  783
763  843
763  923
764  765
764  769
764  774
764  779
764  784
764  844
764  924
765  770
765  775
765  780
765  785
765  845
765  925
766  767
766  768
766  769
766  770
766  771
766  776
766  786
766  846
766  926
767  768
767  769
767  770
767  772
767  777
767  787
767  847
767  927
768  769
768  770
768  773
768  778
768  788
768  848
768  928
769  770
769  774
769  779
769  789
769  849
769  929
770  775
770  780
770  790
770  850
770  930
771  772
771  773
771  774
771  775
771  776
771  791
771  851
771  931
772  773
772  774
772  775
772  777
772  792
772  852
772  932
773  774
773  775
773  778
773  793
773  853
773  933
774  775
774  779
774  794
774  854
774  934
775  780
775  795
775  855
775  935
776  777
776  778
776  779
776  780
776  796
776  856
776  936
777  778
777  779
777  780
777  797
777  857
777  937
778  779
778  780
778  798
778  858
778  938
779  780
779  799
779  859
779  939
780  800
780  860
780  940
781  782
781  783
781  784
781  785
781  786
781  791
781  796
781  861
781  941
782  783
782  784
782  785
782  787
782  792
782  797
782  862
782  942
783  784
783  785
783  788
783  793
783  798
783  863
783  943
784  785
784  789
784  794
784  799
784  864
784  944
785  790
785  795
785  800
785  865
785  945
786  787
786  788
786  789
786  790
786  791
786  796
786  866
786  946
787  788
787  789
787  790
787  792
787  797
787  867
787  947
788  789
788  790
788  793
788  798
788  868
788  948
789  790
789  794
789  799
789  869
789  949
790  795
790  800
790  870
790  950
791  792
791  793
791  794
791  795
791  796
791  871
791  951
792  793
792  794
792  795
792  797
792  872
792  952
793  794
793  795
793  798
793  873
793  953
794  795
794  799
794  874
794  954
795  800
795  875
795  955
796  797
796  798
796  799
796  800
796  876
796  956
797  798
797  799
797  800
797  877
797  957
798  799
798  800
798  878
798  958
799  800
799  879
799  959
800  880
800  960
801  802
801  803
801  804
801  805
801  806
801  811
801  816
801  821
801  841
801  861
801  881
802  803
802  804
802  805
802  807
802  812
802  817
802  822
802  842
802  862
802  882
803  804
803  805
803  808
803  813
803  818
803  823
803  843
803  863
803  883
804  805
804  809
804  814
804  819
804  824
804  844
804  864
804  884
805  810
805  815
805  820
805  825
805  845
805  865
805  885
806  807
806  808
806  809
806  810
806  811
806  816
806  826
806  846
806  866
806  886
807  808
807  809
807  810
807  812
807  817
807  827
807  847
807  867
807  887
808  809
808  810
808  813
808  818
808  828
808  848
808  868
808  888
809  810
809  814
809  819
809  829
809  849
809  869
809  889
810  815
810  820
810  830
810  850
810  870
810  890
811  812
811  813
811  814
811  815
811  816
811  831
811  851
811  871
811  891
812  813
812  814
812  815
812  817
812  832
812  852
812  872
812  892
813  814
813  815
813  818
813  833
813  853
813  873
813  893
814  815
814  819
814  834
814  854
814  874
814  894
815  820
815  835
815  855
815  875
815  895
816  817
816  818
816  819
816  820
816  836
816  856
816  876
816  896
817  818
817  819
817  820
817  837
817  857
817  877
817  897
818  819
818  820
818  838
818  858
818  878
818  898
819  820
819  839
819  859
819  879
819  899
820  840
820  860
820  880
820  900
821  822
821  823
821  824
821  825
821  826
821  831
821  836
821  841
821  861
821  901
822  823
822  824
822  825
822  827
822  832
822  837
822  842
822  862
822  902
823  824
823  825
823  828
823  833
823  838
823  843
823  863
823  903
824  825
824  829
824  834
824  839
824  844
824  864
824  904
825  830
825  835
825  840
825  845
825  865
825  905
826  827
826  828
826  829
826  830
826  831
826  836
826  846
826  866
826  906
827  828
827  829
827  830
827  832
827  837
827  847
827  867
827  907
828  829
828  830
828  833
828  838
828  848
828  868
828  908
829  830
829  834
829  839
829  849
829  869
829  909
830  835
830  840
830  850
830  870
830  910
831  832
831  833
831  834
831  835
831  836
831  851
831  871
831  911
832  833
832  834
832  835
832  837
832  852
832  872
832  912
833  834
833  835
833  838
833  853
833  873
833  913
834  835
834  839
834  854
834  874
834  914
835  840
835  855
835  875
835  915
836  837
836  838
836  839
836  840
836  856
836  876
836  916
837  838
837  839
837  840
837  857
837  877
837  917
838  839
838  840
838  858
838  878
838  918
839  840
839  859
839  879
839  919
840  860
840  880
840  920
841  842
841  843
841  844
841  845
841  846
841  851
841  856
841  861
841  921
842  843
842  844
842  845
842  847
842  852
842  857
842  862
842  922
843  844
843  845
843  848
843  853
843  858
843  863
843  923
844  845
844  849
844  854
844  859
844  864
844  924
845  850
845  855
845  860
845  865
845  925
846  847
846  848
846  849
846  850
846  851
846  856
846  866
846  926
847  848
847  849
847  850
847  852
847  857
847  867
847  927
848  849
848  850
848  853
848  858
848  868
848  928
849  850
849  854
849  859
849  869
849  929
850  855
850  860
850  870
850  930
851  852
851  853
851  854
851  855
851  856
851  871
851  931
852  853
852  854
852  855
852  857
852  872
852  932
853  854
853  855
853  858
853  873
853  933
854  855
854  859
854  874
854  934
855  860
855  875
855  935
856  857
856  858
856  859
856  860
856  876
856  936
857  858
857  859
857  860
857  877
857  937
858  859
858  860
858  878
858  938
859  860
859  879
859  939
860  880
860  940
861  862
861  863
861  864
861  865
861  866
861  871
861  876
861  941
862  863
862  864
862  865
862  867
862  872
862  877
862  942
863  864
863  865
863  868
863  873
863  878
863  943
864  865
864  869
864  874
864  879
864  944
865  870
865  875
865  880
865  945
866  867
866  868
866  869
866  870
866  871
866  876
866  946
867  868
867  869
867  870
867  872
867  877
867  947
868  869
868  870
868  873
868  878
868  948
869  870
869  874
869  879
869  949
870  875
870  880
870  950
871  872
871  873
871  874
871  875
871  876
871  951
872  873
872  874
872  875
872  877
872  952
873  874
873  875
873  878
873  953
874  875
874  879
874  954
875  880
875  955
876  877
876  878
876  879
876  880
876  956
877  878
877  879
877  880
877  957
878  879
878  880
878  958
879  880
879  959
880  960
881  882
881  883
881  884
881  885
881  886
881  891
881  896
881  901
881  921
881  941
882  883
882  884
882  885
882  887
882  892
882  897
882  902
882  922
882  942
883  884
883  885
883  888
883  893
883  898
883  903
883  923
883  943
884  885
884  889
884  894
884  899
884  904
884  924
884  944
885  890
885  895
885  900
885  905
885  925
885  945
886  887
886  888
886  889
886  890
886  891
886  896
886  906
886  926
886  946
887  888
887  889
887  890
887  892
887  897
887  907
887  927
887  947
888  889
888  890
888  893
888  898
888  908
888  928
888  948
889  890
889  894
889  899
889  909
889  929
889  949
890  895
890  900
890  910
890  930
890  950
891  892
891  893
891  894
891  895
891  896
891  911
891  931
891  951
892  893
892  894
892  895
892  897
892  912
892  932
892  952
893  894
893  895
893  898
893  913
893  933
893  953
894  895
894  899
894  914
894  934
894  954
895  900
895  915
895  935
895  955
896  897
896  898
896  899
896  900
896  916
896  936
896  956
897  898
897  899
897  900
897  917
897  937
897  957
898  899
898  900
898  918
898  938
898  958
899  900
899  919
899  939
899  959
900  920
900  940
900  960
901  902
901  903
901  904
901  905
901  906
901  911
901  916
901  921
901  941
902  903
902  904
902  905
902  907
902  912
902  917
902  922
902  942
903  904
903  905
903  908
903  913
903  918
903  923
903  943
904  905
904  909
904  914
904  919
904  924
904  944
905  910
905  915
905  920
905  925
905  945
906  907
906  908
906  909
906  910
906  911
906  916
906  926
906  946
907  908
907  909
907  910
907  912
907  917
907  927
907  947
908  909
908  910
908  913
908  918
908  928
908  948
909  910
909  914
909  919
909  929
909  949
910  915
910  920
910  930
910  950
911  912
911  913
911  914
911  915
911  916
911  931
911  951
912  913
912  914
912  915
912  917
912  932
912  952
913  914
913  915
913  918
913  933
913  953
914  915
914  919
914  934
914  954
915  920
915  935
915  955
916  917
916  918
916  919
916  920
916  936
916  956
917  918
917  919
917  920
917  937
917  957
918  919
918  920
918  938
918  958
919  920
919  939
919  959
920  940
920  960
921  922
921  923
921  924
921  925
921  926
921  931
921  936
921  941
922  923
922  924
922  925
922  927
922  932
922  937
922  942
923  924
923  925
923  928
923  933
923  938
923  943
924  925
924  929
924  934
924  939
924  944
925  930
925  935
925  940
925  945
926  927
926  928
926  929
926  930
926  931
926  936
926  946
927  928
927  929
927  930
927  932
927  937
927  947
928  929
928  930
928  933
928  938
928  948
929  930
929  934
929  939
929  949
930  935
930  940
930  950
931  932
931  933
931  934
931  935
931  936
931  951
932  933
932  934
932  935
932  937
932  952
933  934
933  935
933  938
933  953
934  935
934  939
934  954
935  940
935  955
936  937
936  938
936  939
936  940
936  956
937  938
937  939
937  940
937  957
938  939
938  940
938  958
939  940
939  959
940  960
941  942
941  943
941  944
941  945
941  946
941  951
941  956
942  943
942  944
942  945
942  947
942  952
942  957
943  944
943  945
943  948
943  953
943  958
944  945
944  949
944  954
944  959
945  950
945  955
945  960
946  947
946  948
946  949
946  950
946  951
946  956
947  948
947  949
947  950
947  952
947  957
948  949
948  950
948  953
948  958
949  950
949  954
949  959
950  955
950  960
951  952
951  953
951  954
951  955
951  956
952  953
952  954
952  955
952  957
953  954
953  955
953  958
954  955
954  959
955  960
956  957
956  958
956  959
956  960
957  958
957  959
957  960
958  959
958  960
959  960
